title
artist
169 60 2
0 2.073278231928382
3 2.360659785455519
0 2.496522930983024
0 2.709791472148562
2 2.709791472148562
3 2.9600908793509007
2 3.0260230897945775
0 3.2342475047931063
3 3.2342475047931063
2 3.433298917437737
0 3.433298917437737
1 3.6801948742798603
3 3.6801948742798603
2 3.6801948742798603
1 3.9852288980036974
1 4.056570748212488
2 4.253105293881482
0 4.253105293881482
0 4.439652955139024
1 4.439652955139024
3 4.662721923067201
1 4.662721923067201
3 4.662721923067201
0 4.9665364027023315
0 5.056570748212488
0 5.253105293881482
2 5.253105293881482
2 5.439652955139024
3 5.439652955139024
1 5.662721923067201
0 5.662721923067201
2 5.662721923067201
1 5.9665364027023315
0 6.056570748212488
2 6.253105293881482
0 6.253105293881482
2 6.439652955139024
0 6.439652955139024
2 6.662721923067201
0 6.662721923067201
3 6.662721923067201
1 6.9665364027023315
0 7.056570748212488
2 7.253105293881482
1 7.253105293881482
1 7.439652955139024
3 7.439652955139024
3 7.662721923067201
0 7.662721923067201
3 7.662721923067201
3 7.9665364027023315
2 8.056570748212488
0 8.253105293881482
2 8.253105293881482
2 8.439652955139024
0 8.439652955139024
1 8.6627219230672
2 8.6627219230672
1 8.6627219230672
3 8.966536402702332
3 9.056570748212488
2 9.253105293881482
3 9.253105293881482
3 9.439652955139024
0 9.439652955139024
3 9.6627219230672
0 9.6627219230672
2 9.6627219230672
3 9.966536402702332
0 10.048453106314636
1 10.247684605164508
2 10.247684605164508
0 10.438554498337968
1 10.438554498337968
0 10.667551092736492
3 10.667551092736492
2 10.667551092736492
1 10.971515180543065
1 11.056570748212488
1 11.253105293881482
3 11.253105293881482
0 11.439652955139024
1 11.439652955139024
1 11.6627219230672
0 11.6627219230672
2 11.6627219230672
0 11.966536402702332
1 12.056570748212488
0 12.253105293881482
3 12.253105293881482
2 12.439652955139024
3 12.439652955139024
2 12.6627219230672
3 12.6627219230672
0 12.6627219230672
1 12.966536402702332
0 13.056570748212488
1 13.253105293881482
3 13.253105293881482
1 13.439652955139024
3 13.439652955139024
2 13.6627219230672
3 13.6627219230672
1 13.6627219230672
2 13.966536402702332
3 14.056570748212488
0 14.253105293881482
3 14.253105293881482
1 14.439652955139024
0 14.439652955139024
3 14.6627219230672
1 14.6627219230672
3 14.6627219230672
1 14.966536402702332
0 15.056570748212488
0 15.253105293881482
3 15.253105293881482
0 15.439652955139024
3 15.439652955139024
2 15.6627219230672
1 15.6627219230672
2 15.6627219230672
2 15.966536402702332
1 16.05657074821249
0 16.253105293881482
1 16.253105293881482
2 16.439652955139024
0 16.439652955139024
3 16.6627219230672
1 16.6627219230672
0 16.6627219230672
3 16.96653640270233
1 17.05657074821249
3 17.253105293881482
1 17.253105293881482
1 17.439652955139024
3 17.439652955139024
3 17.6627219230672
2 17.6627219230672
0 17.6627219230672
0 17.96653640270233
1 18.05657074821249
0 18.253105293881482
1 18.253105293881482
1 18.439652955139024
0 18.439652955139024
2 18.6627219230672
3 18.6627219230672
0 18.6627219230672
3 18.96653640270233
0 19.05657074821249
0 19.253105293881482
1 19.253105293881482
0 19.439652955139024
1 19.439652955139024
1 19.6627219230672
2 19.6627219230672
0 19.6627219230672
0 19.96653640270233
0 20.05004767940538
1 20.248638905579753
3 20.248638905579753
2 20.439147270018072
0 20.439147270018072
0 20.666689764379015
1 20.666689764379015
3 20.666689764379015
3 20.970535399392247
1 21.05657074821249
3 21.253105293881482
2 21.253105293881482
3 21.439652955139024
0 21.439652955139024
1 21.6627219230672
3 21.6627219230672
1 21.6627219230672
0 21.96653640270233
0 22.05657074821249
3 22.253105293881482
1 22.253105293881482
3 22.439652955139024
1 22.439652955139024
1 22.6627219230672
2 22.6627219230672
0 22.6627219230672
1 22.96653640270233
3 23.23492274121417
2 23.23492274121417
1 23.62128997893232
2 23.62128997893232
0 23.62128997893232
1 23.870397955179214
3 24.05657074821249
3 24.253105293881482
0 24.253105293881482
3 24.439652955139024
0 24.439652955139024
2 24.6627219230672
0 24.6627219230672
1 24.6627219230672
3 24.96653640270233
1 25.05657074821249
0 25.253105293881482
1 25.253105293881482
3 25.439652955139024
1 25.439652955139024
0 25.6627219230672
2 25.6627219230672
0 25.6627219230672
3 25.96653640270233
2 26.05657074821249
0 26.253105293881482
1 26.253105293881482
0 26.439652955139024
3 26.439652955139024
2 26.6627219230672
0 26.6627219230672
1 26.6627219230672
3 26.96653640270233
1 27.044658907612487
2 27.245688584897174
0 27.245688584897174
0 27.437068037841552
3 27.437068037841552
3 27.66963890939385
0 27.66963890939385
1 27.66963890939385
3 27.973968805745244
0 28.05657074821249
1 28.253105293881482
2 28.253105293881482
1 28.439652955139024
0 28.439652955139024
1 28.6627219230672
0 28.6627219230672
1 28.6627219230672
1 28.96653640270233
1 29.05657074821249
2 29.253105293881482
3 29.253105293881482
0 29.439652955139024
3 29.439652955139024
3 29.6627219230672
2 29.6627219230672
3 29.6627219230672
1 29.96653640270233
0 30.05657074821249
3 30.253105293881482
0 30.253105293881482
3 30.439652955139024
2 30.439652955139024
2 30.6627219230672
0 30.6627219230672
3 30.6627219230672
0 30.96653640270233
1 31.05657074821249
0 31.253105293881482
1 31.253105293881482
1 31.439652955139024
2 31.439652955139024
3 31.6627219230672
1 31.6627219230672
3 31.6627219230672
1 31.96653640270233
3 32.056570748212486
2 32.25310529388148
3 32.25310529388148
2 32.439652955139024
3 32.439652955139024
2 32.6627219230672
3 32.6627219230672
2 32.6627219230672
3 32.96653640270233
3 33.056570748212486
1 33.25310529388148
3 33.25310529388148
1 33.439652955139024
3 33.439652955139024
3 33.6627219230672
1 33.6627219230672
3 33.6627219230672
0 33.96653640270233
1 34.056570748212486
3 34.25310529388148
1 34.25310529388148
2 34.439652955139024
1 34.439652955139024
2 34.6627219230672
3 34.6627219230672
1 34.6627219230672
2 34.96653640270233
1 35.056570748212486
3 35.25310529388148
1 35.25310529388148
2 35.439652955139024
3 35.439652955139024
3 35.6627219230672
1 35.6627219230672
2 35.6627219230672
3 35.96653640270233
0 36.21499506950557
1 36.21499506950557
2 36.21499506950557
2 36.62059187378436
0 36.62059187378436
2 36.62059187378436
1 36.86128507554531
0 37.056570748212486
1 37.25310529388148
3 37.25310529388148
2 37.439652955139024
0 37.439652955139024
3 37.6627219230672
2 37.6627219230672
0 37.6627219230672
3 37.96653640270233
3 38.056570748212486
1 38.25310529388148
0 38.25310529388148
1 38.439652955139024
2 38.439652955139024
0 38.6627219230672
1 38.6627219230672
0 38.6627219230672
2 38.96653640270233
2 39.056570748212486
2 39.25310529388148
3 39.25310529388148
1 39.439652955139024
2 39.439652955139024
1 39.6627219230672
2 39.6627219230672
1 39.6627219230672
2 39.96653640270233
0 40.056570748212486
1 40.25310529388148
3 40.25310529388148
2 40.439652955139024
3 40.439652955139024
1 40.6627219230672
2 40.6627219230672
3 40.6627219230672
3 40.96653640270233
0 41.056570748212486
0 41.25310529388148
1 41.25310529388148
1 41.439652955139024
0 41.439652955139024
0 41.6627219230672
2 41.6627219230672
1 41.6627219230672
1 41.96653640270233
1 42.056570748212486
0 42.25310529388148
1 42.25310529388148
0 42.439652955139024
2 42.439652955139024
3 42.6627219230672
0 42.6627219230672
1 42.6627219230672
0 42.96653640270233
3 43.056570748212486
0 43.25310529388148
2 43.25310529388148
0 43.439652955139024
3 43.439652955139024
0 43.6627219230672
1 43.6627219230672
0 43.6627219230672
0 43.96653640270233
3 44.056570748212486
0 44.25310529388148
2 44.25310529388148
3 44.439652955139024
1 44.439652955139024
3 44.6627219230672
2 44.6627219230672
1 44.6627219230672
3 44.96653640270233
1 45.056570748212486
3 45.25310529388148
0 45.25310529388148
1 45.439652955139024
3 45.439652955139024
0 45.6627219230672
2 45.6627219230672
3 45.6627219230672
3 45.96653640270233
1 46.056570748212486
3 46.25310529388148
0 46.25310529388148
1 46.439652955139024
0 46.439652955139024
1 46.6627219230672
3 46.6627219230672
1 46.6627219230672
0 46.96653640270233
1 47.056570748212486
1 47.25310529388148
3 47.25310529388148
0 47.439652955139024
1 47.439652955139024
1 47.6627219230672
2 47.6627219230672
1 47.6627219230672
2 47.96653640270233
2 48.056570748212486
3 48.25310529388148
0 48.25310529388148
2 48.439652955139024
3 48.439652955139024
1 48.6627219230672
3 48.6627219230672
2 48.6627219230672
3 48.96653640270233
2 49.056570748212486
2 49.25310529388148
0 49.25310529388148
1 49.439652955139024
2 49.439652955139024
2 49.6627219230672
0 49.6627219230672
3 49.6627219230672
2 49.96653640270233
2 50.056570748212486
0 50.25310529388148
2 50.25310529388148
1 50.439652955139024
3 50.439652955139024
3 50.6627219230672
0 50.6627219230672
3 50.6627219230672
1 50.96653640270233
1 51.056570748212486
0 51.25310529388148
3 51.25310529388148
2 51.439652955139024
1 51.439652955139024
1 51.6627219230672
0 51.6627219230672
2 51.6627219230672
0 51.96653640270233
1 52.056570748212486
2 52.25310529388148
0 52.25310529388148
3 52.439652955139024
2 52.439652955139024
2 52.6627219230672
1 52.6627219230672
2 52.6627219230672
0 52.96653640270233
0 53.056570748212486
3 53.25310529388148
0 53.25310529388148
0 53.439652955139024
2 53.439652955139024
2 53.6627219230672
0 53.6627219230672
2 53.6627219230672
2 53.96653640270233
3 54.056570748212486
2 54.25310529388148
1 54.25310529388148
2 54.439652955139024
3 54.439652955139024
3 54.6627219230672
1 54.6627219230672
2 54.6627219230672
2 54.96653640270233
3 55.056570748212486
3 55.25310529388148
1 55.25310529388148
3 55.439652955139024
1 55.439652955139024
3 55.6627219230672
1 55.6627219230672
3 55.6627219230672
1 55.96653640270233
2 56.056570748212486
2 56.25310529388148
0 56.25310529388148
3 56.439652955139024
1 56.439652955139024
0 56.6627219230672
1 56.6627219230672
3 56.6627219230672
1 56.96653640270233
3 57.056570748212486
3 57.25310529388148
0 57.25310529388148
3 57.439652955139024
2 57.439652955139024
2 57.6627219230672
3 57.6627219230672
0 57.6627219230672
3 57.96653640270233
2 58.056570748212486
3 58.25310529388148
1 58.25310529388148
0 58.439652955139024
3 58.439652955139024
3 58.6627219230672
0 58.6627219230672
2 58.6627219230672
3 58.96653640270233
0 59.056570748212486
2 59.25310529388148
0 59.25310529388148
1 59.439652955139024
0 59.439652955139024
2 59.6627219230672
3 59.6627219230672
2 59.6627219230672
0 59.96653640270233
0 60.056570748212486
3 60.25310529388148
0 60.25310529388148
2 60.439652955139024
1 60.439652955139024
2 60.6627219230672
1 60.6627219230672
2 60.6627219230672
3 60.96653640270233
0 61.056570748212486
3 61.25310529388148
0 61.25310529388148
1 61.439652955139024
3 61.439652955139024
3 61.6627219230672
1 61.6627219230672
3 61.6627219230672
0 61.96653640270233
1 62.056570748212486
3 62.25310529388148
0 62.25310529388148
0 62.439652955139024
3 62.439652955139024
1 62.6627219230672
3 62.6627219230672
2 62.6627219230672
3 62.96653640270233
2 63.056570748212486
3 63.25310529388148
2 63.25310529388148
3 63.439652955139024
1 63.439652955139024
3 63.6627219230672
0 63.6627219230672
3 63.6627219230672
1 63.96653640270233
0 64.0565707482125
3 64.25310529388149
1 64.25310529388149
1 64.43965295513902
0 64.43965295513902
2 64.6627219230672
1 64.6627219230672
3 64.6627219230672
3 64.96653640270233
0 65.0565707482125
1 65.25310529388149
3 65.25310529388149
3 65.43965295513902
1 65.43965295513902
0 65.6627219230672
3 65.6627219230672
1 65.6627219230672
2 65.96653640270233
3 66.0565707482125
1 66.25310529388149
2 66.25310529388149
1 66.43965295513902
2 66.43965295513902
0 66.6627219230672
3 66.6627219230672
0 66.6627219230672
3 66.96653640270233
1 67.0565707482125
2 67.25310529388149
1 67.25310529388149
1 67.43965295513902
2 67.43965295513902
0 67.6627219230672
1 67.6627219230672
2 67.6627219230672
2 67.96653640270233
2 68.0565707482125
2 68.25310529388149
3 68.25310529388149
0 68.43965295513902
1 68.43965295513902
3 68.6627219230672
2 68.6627219230672
3 68.6627219230672
3 68.96653640270233
3 69.0565707482125
3 69.25310529388149
1 69.25310529388149
2 69.43965295513902
1 69.43965295513902
1 69.6627219230672
3 69.6627219230672
0 69.6627219230672
3 69.96653640270233
3 70.0565707482125
0 70.25310529388149
3 70.25310529388149
2 70.43965295513902
0 70.43965295513902
3 70.6627219230672
0 70.6627219230672
1 70.6627219230672
2 70.96653640270233
2 71.0565707482125
3 71.25310529388149
0 71.25310529388149
3 71.43965295513902
0 71.43965295513902
0 71.6627219230672
1 71.6627219230672
3 71.6627219230672
0 71.96653640270233
3 72.0565707482125
2 72.25310529388149
0 72.25310529388149
3 72.43965295513902
2 72.43965295513902
1 72.6627219230672
2 72.6627219230672
0 72.6627219230672
1 72.96653640270233
1 73.0565707482125
1 73.25310529388149
0 73.25310529388149
3 73.43965295513902
2 73.43965295513902
1 73.6627219230672
3 73.6627219230672
2 73.6627219230672
2 73.96653640270233
1 74.0565707482125
0 74.25310529388149
3 74.25310529388149
0 74.43965295513902
2 74.43965295513902
2 74.6627219230672
3 74.6627219230672
1 74.6627219230672
1 74.96653640270233
3 75.0565707482125
0 75.25310529388149
2 75.25310529388149
1 75.43965295513902
2 75.43965295513902
3 75.6627219230672
2 75.6627219230672
1 75.6627219230672
2 75.96653640270233
2 76.0565707482125
3 76.25310529388149
1 76.25310529388149
2 76.43965295513902
0 76.43965295513902
0 76.6627219230672
1 76.6627219230672
2 76.6627219230672
1 76.96653640270233
3 77.0565707482125
1 77.25310529388149
3 77.25310529388149
3 77.43965295513902
0 77.43965295513902
1 77.6627219230672
2 77.6627219230672
1 77.6627219230672
0 77.96653640270233
0 78.0565707482125
1 78.25310529388149
2 78.25310529388149
3 78.43965295513902
2 78.43965295513902
1 78.6627219230672
0 78.6627219230672
3 78.6627219230672
1 78.96653640270233
1 79.0565707482125
1 79.25310529388149
0 79.25310529388149
0 79.43965295513902
3 79.43965295513902
3 79.6627219230672
2 79.6627219230672
0 79.6627219230672
0 79.96653640270233
0 80.0565707482125
1 80.25310529388149
0 80.25310529388149
3 80.43965295513902
0 80.43965295513902
0 80.6627219230672
1 80.6627219230672
3 80.6627219230672
2 80.96653640270233
1 81.0565707482125
3 81.25310529388149
1 81.25310529388149
2 81.43965295513902
0 81.43965295513902
2 81.6627219230672
0 81.6627219230672
3 81.6627219230672
3 81.96653640270233
0 82.0565707482125
1 82.25310529388149
0 82.25310529388149
3 82.43965295513902
1 82.43965295513902
2 82.6627219230672
1 82.6627219230672
3 82.6627219230672
1 82.96653640270233
2 83.0565707482125
3 83.25310529388149
1 83.25310529388149
3 83.43965295513902
1 83.43965295513902
2 83.6627219230672
0 83.6627219230672
3 83.6627219230672
2 83.96653640270233
0 84.0565707482125
2 84.25310529388149
3 84.25310529388149
1 84.43965295513902
0 84.43965295513902
1 84.6627219230672
3 84.6627219230672
1 84.6627219230672
2 84.96653640270233
2 85.0565707482125
0 85.25310529388149
3 85.25310529388149
0 85.43965295513902
3 85.43965295513902
3 85.6627219230672
0 85.6627219230672
1 85.6627219230672
2 85.96653640270233
3 86.0565707482125
1 86.25310529388149
3 86.25310529388149
1 86.43965295513902
0 86.43965295513902
3 86.6627219230672
0 86.6627219230672
2 86.6627219230672
3 86.96653640270233
1 87.0565707482125
3 87.25310529388149
2 87.25310529388149
3 87.43965295513902
1 87.43965295513902
1 87.6627219230672
3 87.6627219230672
2 87.6627219230672
3 87.96653640270233
0 88.0565707482125
0 88.25310529388149
1 88.25310529388149
1 88.43965295513902
3 88.43965295513902
3 88.6627219230672
0 88.6627219230672
3 88.6627219230672
2 88.96653640270233
3 89.0565707482125
1 89.25310529388149
2 89.25310529388149
1 89.43965295513902
3 89.43965295513902
0 89.6627219230672
1 89.6627219230672
0 89.6627219230672
3 89.96653640270233
3 90.0565707482125
0 90.25310529388149
1 90.25310529388149
0 90.43965295513902
2 90.43965295513902
0 90.6627219230672
2 90.6627219230672
3 90.6627219230672
2 90.96653640270233
3 91.0565707482125
2 91.25310529388149
3 91.25310529388149
0 91.43965295513902
2 91.43965295513902
1 91.6627219230672
0 91.6627219230672
3 91.6627219230672
2 91.96653640270233
2 92.0565707482125
3 92.25310529388149
0 92.25310529388149
0 92.43965295513902
1 92.43965295513902
1 92.6627219230672
3 92.6627219230672
2 92.6627219230672
3 92.96653640270233
2 93.0565707482125
2 93.25310529388149
0 93.25310529388149
0 93.43965295513902
1 93.43965295513902
1 93.6627219230672
3 93.6627219230672
1 93.6627219230672
3 93.96653640270233
0 94.0565707482125
1 94.25310529388149
0 94.25310529388149
2 94.43965295513902
3 94.43965295513902
0 94.6627219230672
3 94.6627219230672
1 94.6627219230672
2 94.96653640270233
3 95.0565707482125
1 95.25310529388149
3 95.25310529388149
0 95.43965295513902
2 95.43965295513902
1 95.6627219230672
0 95.6627219230672
2 95.6627219230672
0 95.96653640270233
0 96.0565707482125
1 96.25310529388149
0 96.25310529388149
1 96.43965295513902
0 96.43965295513902
2 96.6627219230672
1 96.6627219230672
0 96.6627219230672
3 96.96653640270233
3 97.0565707482125
1 97.25310529388149
0 97.25310529388149
2 97.43965295513902
3 97.43965295513902
0 97.6627219230672
1 97.6627219230672
0 97.6627219230672
2 97.96653640270233
0 98.0565707482125
1 98.25310529388149
0 98.25310529388149
1 98.43965295513902
3 98.43965295513902
1 98.6627219230672
3 98.6627219230672
2 98.6627219230672
0 98.96653640270233
3 99.0565707482125
3 99.25310529388149
1 99.25310529388149
2 99.43965295513902
0 99.43965295513902
3 99.6627219230672
0 99.6627219230672
2 99.6627219230672
1 99.96653640270233
1 100.0565707482125
0 100.25310529388149
2 100.25310529388149
3 100.43965295513902
2 100.43965295513902
3 100.6627219230672
0 100.6627219230672
3 100.6627219230672
1 100.96653640270233
3 101.0565707482125
1 101.25310529388149
3 101.25310529388149
1 101.43965295513902
2 101.43965295513902
3 101.6627219230672
1 101.6627219230672
0 101.6627219230672
1 101.96653640270233
1 102.03293231581429
0 102.23834978366433
1 102.23834978366433
3 102.43454948596712
0 102.43454948596712
1 102.67638120488732
2 102.67638120488732
3 102.67638120488732
3 102.98109358735383
1 103.0565707482125
0 103.25310529388149
2 103.25310529388149
0 103.43965295513902
1 103.43965295513902
2 103.6627219230672
3 103.6627219230672
1 103.6627219230672
1 103.96653640270233
0 104.0565707482125
0 104.25310529388149
2 104.25310529388149
2 104.43965295513902
1 104.43965295513902
3 104.6627219230672
0 104.6627219230672
2 104.6627219230672
1 104.96653640270233
0 105.05627210506967
3 105.25262686050051
1 105.25262686050051
3 105.4390585845018
2 105.4390585845018
0 105.66369996142792
1 105.66369996142792
0 105.66369996142792
3 105.96673631668091
3 106.0565707482125
1 106.25310529388149
2 106.25310529388149
1 106.43965295513902
2 106.43965295513902
3 106.6627219230672
1 106.6627219230672
2 106.6627219230672
3 106.96653640270233
2 107.0565707482125
3 107.25310529388149
2 107.25310529388149
2 107.43965295513902
0 107.43965295513902
0 107.6627219230672
1 107.6627219230672
0 107.6627219230672
2 107.96653640270233
0 108.0565707482125
0 108.25310529388149
3 108.25310529388149
0 108.43965295513902
2 108.43965295513902
3 108.6627219230672
0 108.6627219230672
3 108.6627219230672
3 108.96653640270233
1 109.0565707482125
0 109.25310529388149
3 109.25310529388149
0 109.43965295513902
1 109.43965295513902
0 109.6627219230672
3 109.6627219230672
0 109.6627219230672
3 109.96653640270233
1 110.0565707482125
2 110.25310529388149
3 110.25310529388149
2 110.43965295513902
0 110.43965295513902
3 110.6627219230672
1 110.6627219230672
2 110.6627219230672
1 110.96653640270233
2 111.0565707482125
1 111.25310529388149
2 111.25310529388149
3 111.43965295513902
0 111.43965295513902
2 111.6627219230672
1 111.6627219230672
2 111.6627219230672
3 111.96653640270233
2 112.0565707482125
3 112.25310529388149
0 112.25310529388149
2 112.43965295513902
3 112.43965295513902
0 112.6627219230672
1 112.6627219230672
3 112.6627219230672
0 112.96653640270233
3 113.0565707482125
1 113.25310529388149
3 113.25310529388149
1 113.43965295513902
3 113.43965295513902
2 113.6627219230672
3 113.6627219230672
2 113.6627219230672
2 113.96653640270233
0 114.0565707482125
2 114.25310529388149
0 114.25310529388149
3 114.43965295513902
2 114.43965295513902
0 114.6627219230672
1 114.6627219230672
0 114.6627219230672
3 114.96653640270233
2 115.0565707482125
3 115.25310529388149
1 115.25310529388149
3 115.43965295513902
2 115.43965295513902
3 115.6627219230672
1 115.6627219230672
0 115.6627219230672
1 115.96653640270233
3 116.0565707482125
1 116.25310529388149
2 116.25310529388149
1 116.43965295513902
2 116.43965295513902
3 116.6627219230672
2 116.6627219230672
3 116.6627219230672
2 116.96653640270233
3 117.0565707482125
3 117.25310529388149
2 117.25310529388149
3 117.43965295513902
1 117.43965295513902
2 117.6627219230672
0 117.6627219230672
3 117.6627219230672
3 117.96653640270233
1 118.0565707482125
1 118.25310529388149
0 118.25310529388149
2 118.43965295513902
0 118.43965295513902
2 118.6627219230672
3 118.6627219230672
1 118.6627219230672
0 118.96653640270233
0 119.0565707482125
0 119.25310529388149
2 119.25310529388149
0 119.43965295513902
1 119.43965295513902
3 119.6627219230672
0 119.6627219230672
3 119.6627219230672
2 119.96653640270233
1 120.0565707482125
3 120.25310529388149
2 120.25310529388149
1 120.43965295513902
0 120.43965295513902
0 120.6627219230672
1 120.6627219230672
2 120.6627219230672
0 120.96653640270233
2 121.0565707482125
2 121.25310529388149
1 121.25310529388149
1 121.43965295513902
3 121.43965295513902
1 121.6627219230672
3 121.6627219230672
1 121.6627219230672
1 121.96653640270233
0 122.0565707482125
3 122.25310529388149
2 122.25310529388149
2 122.43965295513902
3 122.43965295513902
1 122.6627219230672
2 122.6627219230672
0 122.6627219230672
1 122.96653640270233
2 123.0565707482125
1 123.25310529388149
0 123.25310529388149
1 123.43965295513902
3 123.43965295513902
3 123.6627219230672
1 123.6627219230672
3 123.6627219230672
0 123.96653640270233
2 124.0565707482125
1 124.25310529388149
0 124.25310529388149
1 124.43965295513902
0 124.43965295513902
0 124.6627219230672
3 124.6627219230672
0 124.6627219230672
0 124.96653640270233
3 125.0565707482125
0 125.25310529388149
3 125.25310529388149
0 125.43965295513902
3 125.43965295513902
2 125.6627219230672
3 125.6627219230672
1 125.6627219230672
3 125.96653640270233
3 126.0565707482125
3 126.25310529388149
2 126.25310529388149
0 126.43965295513902
1 126.43965295513902
0 126.6627219230672
1 126.6627219230672
2 126.6627219230672
0 126.96653640270233
2 127.0565707482125
1 127.25310529388149
2 127.25310529388149
1 127.43965295513902
0 127.43965295513902
0 127.6627219230672
2 127.6627219230672
0 127.6627219230672
2 127.96653640270233
2 128.0565707482125
1 128.25310529388148
0 128.25310529388148
1 128.43965295513902
3 128.43965295513902
0 128.6627219230672
3 128.6627219230672
1 128.6627219230672
0 128.96653640270233
2 129.0565707482125
1 129.25310529388148
3 129.25310529388148
1 129.43965295513902
0 129.43965295513902
3 129.6627219230672
1 129.6627219230672
3 129.6627219230672
3 129.96653640270233
3 130.0565707482125
0 130.25310529388148
1 130.25310529388148
2 130.43965295513902
3 130.43965295513902
0 130.6627219230672
2 130.6627219230672
3 130.6627219230672
1 130.96653640270233
0 131.01218195244707
0 131.22538000554414
2 131.22538000554414
2 131.42916054005224
3 131.42916054005224
1 131.6875057834926
0 131.6875057834926
2 131.6875057834926
2 131.99317169375718
2 132.16358100902897
0 132.16358100902897
3 132.3646095713342
1 132.3646095713342
1 132.63285372711255
0 132.63285372711255
1 132.63285372711255
0 132.90270206332207
1 133.0565707482125
2 133.25310529388148
3 133.25310529388148
3 133.43965295513902
1 133.43965295513902
3 133.6627219230672
1 133.6627219230672
3 133.6627219230672
2 133.96653640270233
0 134.0565707482125
3 134.25310529388148
2 134.25310529388148
0 134.43965295513902
3 134.43965295513902
1 134.6627219230672
3 134.6627219230672
1 134.6627219230672
0 134.96653640270233
0 135.1044059849295
2 135.2922910977706
1 135.2922910977706
3 135.2922910977706
0 135.6725535403508
3 135.6725535403508
2 135.6725535403508
1 135.93455274403095
3 136.00017221431872
1 136.232877983848
2 136.232877983848
0 136.232877983848
0 136.7095629603057
1 136.7095629603057
2 136.7095629603057
1 136.99989874474704
1 137.0565707482125
0 137.25310529388148
2 137.25310529388148
2 137.43965295513902
3 137.43965295513902
3 137.6627219230672
1 137.6627219230672
2 137.6627219230672
1 137.96653640270233
1 138.0477210968798
1 138.2505922141661
2 138.36188931705456
1 138.66932492201698
0 138.66932492201698
2 138.66932492201698
1 138.97357924096286
0 139.08392295701296
0 139.28742465987534
1 139.28742465987534
2 139.28742465987534
1 139.67220771965486
2 139.67220771965486
1 139.67220771965486
3 139.94720174372196
1 140.05657084548648
1 140.2531052278916
0 140.2531052278916
3 140.4396529280264
1 140.4396529280264
2 140.66272188219827
0 140.66272188219827
2 140.66272188219827
3 140.9665363430977
2 141.0565707482125
0 141.25310529388148
1 141.25310529388148
2 141.43965295513902
0 141.43965295513902
1 141.6627219230672
0 141.6627219230672
1 141.6627219230672
1 141.96653640270233
1 142.05657074231493
3 142.25310536825754
1 142.25310536825754
2 142.43965311082985
0 142.43965311082985
1 142.66272185397764
0 142.66272185397764
1 142.66272185397764
0 142.96653640270233
2 143.13535951654916
3 143.13535951654916
1 143.13535951654916
2 143.61807242390546
1 143.61807242390546
0 143.61807242390546
2 143.92706552147865
0 144.13575091333277
0 144.28351153834444
3 144.28351153834444
2 144.28351153834444
0 144.65442331546228
1 144.65442331546228
0 144.65442331546228
3 144.9165634214878
2 145.0565707482125
2 145.25310529388148
3 145.25310529388148
0 145.43965295513902
1 145.43965295513902
3 145.6627219230672
0 145.6627219230672
1 145.6627219230672
2 145.96653640270233
3 146.0565707482125
2 146.25310529388148
3 146.25310529388148
0 146.43965295513902
2 146.43965295513902
0 146.6627219230672
1 146.6627219230672
3 146.6627219230672
3 146.96653640270233
1 147.0565707482125
3 147.25310529388148
0 147.25310529388148
2 147.43965295513902
1 147.43965295513902
1 147.6627219230672
3 147.6627219230672
0 147.6627219230672
1 147.96653640270233
3 148.0565707482125
0 148.25310529388148
2 148.25310529388148
1 148.43965295513902
2 148.43965295513902
1 148.6627219230672
2 148.6627219230672
0 148.6627219230672
0 148.96653640270233
2 149.0565707482125
0 149.25310529388148
3 149.25310529388148
3 149.43965295513902
2 149.43965295513902
1 149.6627219230672
0 149.6627219230672
2 149.6627219230672
0 149.96653640270233
2 150.04627593371163
1 150.24662963727184
0 150.24662963727184
3 150.4377883012265
0 150.4377883012265
2 150.66886003728558
0 150.66886003728558
2 150.66886003728558
3 150.9729681033641
0 151.0565707482125
3 151.25310529388148
2 151.25310529388148
3 151.43965295513902
2 151.43965295513902
3 151.6627219230672
2 151.6627219230672
3 151.6627219230672
2 151.96653640270233
2 152.0565707482125
3 152.25310529388148
1 152.25310529388148
1 152.43965295513902
3 152.43965295513902
0 152.6627219230672
3 152.6627219230672
2 152.6627219230672
1 152.96653640270233
0 153.0565707482125
0 153.25310529388148
3 153.25310529388148
0 153.43965295513902
2 153.43965295513902
0 153.6627219230672
3 153.6627219230672
2 153.6627219230672
3 153.96653640270233
0 154.0565707482125
1 154.25310529388148
2 154.25310529388148
2 154.43965295513902
0 154.43965295513902
3 154.6627219230672
2 154.6627219230672
1 154.6627219230672
2 154.96653640270233
2 155.0565707482125
0 155.25310529388148
1 155.25310529388148
1 155.43965295513902
2 155.43965295513902
0 155.6627219230672
1 155.6627219230672
3 155.6627219230672
3 155.96653640270233
3 156.0565707482125
0 156.25310529388148
3 156.25310529388148
0 156.43965295513902
3 156.43965295513902
1 156.6627219230672
0 156.6627219230672
2 156.6627219230672
1 156.96653640270233
0 157.0565707482125
1 157.25310529388148
0 157.25310529388148
3 157.43965295513902
1 157.43965295513902
1 157.6627219230672
2 157.6627219230672
0 157.6627219230672
3 157.96653640270233
0 158.0565707482125
3 158.25310529388148
2 158.25310529388148
1 158.43965295513902
3 158.43965295513902
2 158.6627219230672
1 158.6627219230672
3 158.6627219230672
2 158.96653640270233
3 159.0565707482125
3 159.25310529388148
2 159.25310529388148
3 159.43965295513902
2 159.43965295513902
1 159.6627219230672
2 159.6627219230672
0 159.6627219230672
1 159.96653640270233
3 160.0565707482125
2 160.25310529388148
0 160.25310529388148
0 160.43965295513902
3 160.43965295513902
1 160.6627219230672
0 160.6627219230672
3 160.6627219230672
1 160.96653640270233
0 161.0565707482125
0 161.25310529388148
2 161.25310529388148
2 161.43965295513902
3 161.43965295513902
1 161.6627219230672
0 161.6627219230672
3 161.6627219230672
1 161.96653640270233
3 162.0565707482125
3 162.25310529388148
1 162.25310529388148
0 162.43965295513902
1 162.43965295513902
2 162.6627219230672
3 162.6627219230672
0 162.6627219230672
2 162.96653640270233
3 163.0565707482125
0 163.25310529388148
2 163.25310529388148
3 163.43965295513902
2 163.43965295513902
1 163.6627219230672
0 163.6627219230672
2 163.6627219230672
0 163.96653640270233
2 164.0565707482125
1 164.25310529388148
2 164.25310529388148
0 164.43965295513902
1 164.43965295513902
1 164.6627219230672
2 164.6627219230672
3 164.6627219230672
2 164.96653640270233
0 165.0565707482125
0 165.25310529388148
3 165.25310529388148
1 165.43965295513902
3 165.43965295513902
1 165.6627219230672
0 165.6627219230672
2 165.6627219230672
3 165.96653640270233
0 166.0565707482125
1 166.25310529388148
0 166.25310529388148
0 166.43965295513902
2 166.43965295513902
2 166.6627219230672
0 166.6627219230672
2 166.6627219230672
2 166.96653640270233
1 167.0565707482125
3 167.25310529388148
1 167.25310529388148
1 167.43965295513902
3 167.43965295513902
2 167.6627219230672
1 167.6627219230672
3 167.6627219230672
2 167.96653640270233
2 168.0565707482125
0 168.25310529388148
3 168.25310529388148
3 168.43965295513902
2 168.43965295513902
0 168.6627219230672
1 168.6627219230672
0 168.6627219230672
2 168.96653640270233
3 169.0565707482125
1 169.25310529388148
3 169.25310529388148
1 169.43965295513902
0 169.43965295513902
1 169.6627219230672
3 169.6627219230672
2 169.6627219230672
3 169.96653640270233
0 170.0565707482125
2 170.25310529388148
1 170.25310529388148
2 170.43965295513902
1 170.43965295513902
0 170.6627219230672
1 170.6627219230672
2 170.6627219230672
0 170.96653640270233
1 171.0565707482125
0 171.25310529388148
2 171.25310529388148
1 171.43965295513902
0 171.43965295513902
0 171.6627219230672
1 171.6627219230672
3 171.6627219230672
1 171.96653640270233
3 172.0565707482125
3 172.25310529388148
0 172.25310529388148
0 172.43965295513902
2 172.43965295513902
3 172.6627219230672
2 172.6627219230672
1 172.6627219230672
3 172.96653640270233
3 173.0565707482125
0 173.25310529388148
3 173.25310529388148
1 173.43965295513902
0 173.43965295513902
0 173.6627219230672
3 173.6627219230672
0 173.6627219230672
2 173.96653640270233
0 174.0565707482125
1 174.25310529388148
3 174.25310529388148
1 174.43965295513902
2 174.43965295513902
3 174.6627219230672
0 174.6627219230672
3 174.6627219230672
3 174.96653640270233
2 175.0565707482125
2 175.25310529388148
1 175.25310529388148
1 175.43965295513902
2 175.43965295513902
3 175.6627219230672
2 175.6627219230672
1 175.6627219230672
2 175.96653640270233
2 176.0565707482125
2 176.25310529388148
0 176.25310529388148
0 176.43965295513902
2 176.43965295513902
3 176.6627219230672
2 176.6627219230672
3 176.6627219230672
3 176.96653640270233
2 177.0565707482125
0 177.25310529388148
2 177.25310529388148
0 177.43965295513902
1 177.43965295513902
1 177.6627219230672
2 177.6627219230672
3 177.6627219230672
3 177.96653640270233
3 178.0565707482125
0 178.25310529388148
2 178.25310529388148
3 178.43965295513902
2 178.43965295513902
1 178.6627219230672
0 178.6627219230672
1 178.6627219230672
3 178.96653640270233
2 179.0565707482125
0 179.25310529388148
1 179.25310529388148
1 179.43965295513902
0 179.43965295513902
0 179.6627219230672
2 179.6627219230672
0 179.6627219230672
2 179.96653640270233
2 180.0565707482125
0 180.25310529388148
3 180.25310529388148
3 180.43965295513902
0 180.43965295513902
1 180.6627219230672
3 180.6627219230672
0 180.6627219230672
3 180.96653640270233
0 181.0565707482125
1 181.25310529388148
2 181.25310529388148
0 181.43965295513902
1 181.43965295513902
0 181.6627219230672
3 181.6627219230672
1 181.6627219230672
3 181.96653640270233
3 182.0565707482125
0 182.25310529388148
3 182.25310529388148
0 182.43965295513902
3 182.43965295513902
3 182.6627219230672
1 182.6627219230672
3 182.6627219230672
0 182.96653640270233
3 183.0565707482125
1 183.25310529388148
0 183.25310529388148
1 183.43965295513902
3 183.43965295513902
2 183.6627219230672
1 183.6627219230672
2 183.6627219230672
2 183.96653640270233
1 184.0565707482125
3 184.25310529388148
0 184.25310529388148
0 184.43965295513902
2 184.43965295513902
0 184.6627219230672
3 184.6627219230672
2 184.6627219230672
0 184.96653640270233
3 185.0565707482125
0 185.25310529388148
2 185.25310529388148
3 185.43965295513902
2 185.43965295513902
0 185.6627219230672
2 185.6627219230672
0 185.6627219230672
1 185.96653640270233
3 186.0565707482125
1 186.25310529388148
2 186.25310529388148
1 186.43965295513902
2 186.43965295513902
0 186.6627219230672
2 186.6627219230672
0 186.6627219230672
0 186.96653640270233
2 187.0565707482125
1 187.25310529388148
3 187.25310529388148
2 187.43965295513902
1 187.43965295513902
2 187.6627219230672
0 187.6627219230672
1 187.6627219230672
0 187.96653640270233
3 188.0565707482125
2 188.25310529388148
1 188.25310529388148
3 188.43965295513902
1 188.43965295513902
3 188.6627219230672
2 188.6627219230672
1 188.6627219230672
2 188.96653640270233
3 189.0565707482125
1 189.25310529388148
0 189.25310529388148
3 189.43965295513902
2 189.43965295513902
0 189.6627219230672
2 189.6627219230672
0 189.6627219230672
0 189.96653640270233
2 190.0565707482125
0 190.25310529388148
3 190.25310529388148
1 190.43965295513902
3 190.43965295513902
0 190.6627219230672
2 190.6627219230672
1 190.6627219230672
1 190.96653640270233
1 191.0565707482125
1 191.25310529388148
2 191.25310529388148
2 191.43965295513902
1 191.43965295513902
1 191.6627219230672
0 191.6627219230672
2 191.6627219230672
1 191.96653640270233
2 192.0565707482125
1 192.25310529388148
3 192.25310529388148
2 192.43965295513902
0 192.43965295513902
3 192.6627219230672
0 192.6627219230672
2 192.6627219230672
0 192.96653640270233
0 193.0565707482125
1 193.25310529388148
0 193.25310529388148
2 193.43965295513902
1 193.43965295513902
3 193.6627219230672
2 193.6627219230672
0 193.6627219230672
1 193.96653640270233
3 194.0565707482125
3 194.25310529388148
2 194.25310529388148
0 194.43965295513902
1 194.43965295513902
0 194.6627219230672
3 194.6627219230672
0 194.6627219230672
2 194.96653640270233
2 195.0565707482125
1 195.25310529388148
0 195.25310529388148
3 195.43965295513902
1 195.43965295513902
3 195.6627219230672
2 195.6627219230672
1 195.6627219230672
3 195.96653640270233
1 196.0565707482125
2 196.25310529388148
1 196.25310529388148
0 196.43965295513902
1 196.43965295513902
2 196.6627219230672
1 196.6627219230672
0 196.6627219230672
2 196.96653640270233
2 197.0565707482125
2 197.25310529388148
1 197.25310529388148
1 197.43965295513902
0 197.43965295513902
2 197.6627219230672
3 197.6627219230672
1 197.6627219230672
0 197.96653640270233
2 198.0565707482125
1 198.25310529388148
2 198.25310529388148
1 198.43965295513902
0 198.43965295513902
3 198.6627219230672
0 198.6627219230672
2 198.6627219230672
0 198.96653640270233
1 199.0565707482125
0 199.25310529388148
1 199.25310529388148
3 199.43965295513902
2 199.43965295513902
1 199.6627219230672
0 199.6627219230672
3 199.6627219230672
2 199.96653640270233
0 200.0565707482125
0 200.25310529388148
3 200.25310529388148
2 200.43965295513902
0 200.43965295513902
2 200.6627219230672
1 200.6627219230672
0 200.6627219230672
1 200.96653640270233
0 201.0565707482125
2 201.25310529388148
0 201.25310529388148
1 201.43965295513902
0 201.43965295513902
3 201.6627219230672
2 201.6627219230672
3 201.6627219230672
3 201.96653640270233
3 202.0565707482125
2 202.25310529388148
1 202.25310529388148
0 202.43965295513902
2 202.43965295513902
0 202.6627219230672
3 202.6627219230672
2 202.6627219230672
1 202.96653640270233
1 203.04517200216105
3 203.24612231153745
2 203.24612231153745
3 203.43738466971053
1 203.43738466971053
2 203.6690682960892
0 203.6690682960892
2 203.6690682960892
1 203.9736491460353
