title
artist
115 60 3.5
0 0.0939735695719719
1 0.19356223940849304
3 0.3307174742221832
3 0.481342613697052
3 0.580834686756134
1 0.6847551465034485
3 1.1079841777682304
1 1.1934977620840073
3 1.3470416069030762
1 1.4948764443397522
2 1.598154067993164
2 1.690084993839264
0 2.0841959044337273
1 2.1932310611009598
0 2.3273867666721344
0 2.4719181060791016
1 2.5765708088874817
0 2.686656355857849
1 3.09813966602087
1 3.1921185553073883
1 3.3311333060264587
1 3.4845815300941467
1 3.5894503593444824
0 3.687026560306549
1 4.088025622069836
1 4.192407459020615
1 4.339295446872711
2 4.4791257083415985
1 4.591415047645569
2 4.714003026485443
2 5.083618871867657
2 5.1914123594760895
3 5.31327161192894
2 5.474930465221405
0 5.588415443897247
3 5.681464850902557
0 6.09898266941309
2 6.195284530520439
1 6.346128344535828
1 6.482501357793808
1 6.589242935180664
1 6.709555149078369
2 7.083775483071804
3 7.1872589737176895
0 7.315611630678177
3 7.475753337144852
1 7.591960787773132
1 7.687430262565613
2 8.099610067903996
3 8.195539444684982
2 8.330972969532013
2 8.483808606863022
3 8.591540277004242
1 8.693207144737244
1 9.09320306032896
2 9.194163605570793
2 9.322569251060486
0 9.47934564948082
1 9.590109467506409
0 9.694098234176636
0 10.081034652888775
2 10.193563848733902
3 10.2996666431427
0 10.469964802265167
2 10.58422577381134
2 10.68158084154129
1 11.076329626142979
0 11.195155322551727
1 11.293344974517822
1 11.466909855604172
1 11.582265436649323
0 11.680948317050934
3 12.096938036382198
1 12.194176644086838
3 12.32788872718811
1 12.480150938034058
0 12.591785311698914
1 12.69703733921051
1 13.088493339717388
3 13.189336642622948
3 13.31274163722992
2 13.473459839820862
3 13.583664178848267
3 13.670984029769897
1 14.102579899132252
1 14.194548606872559
2 14.33227589726448
3 14.47751134634018
1 14.595585584640503
1 14.702234447002411
3 15.090608857572079
3 15.187472701072693
3 15.319138407707214
0 15.478885889053345
0 15.587569952011108
0 15.675879716873169
1 16.102861367166042
3 16.19423946738243
0 16.33328142762184
0 16.482709288597107
0 16.5965433716774
0 16.704320967197418
2 17.089383520185947
0 17.188017904758453
3 17.318435221910477
0 17.478637129068375
1 17.584287583827972
0 17.67400485277176
2 18.077456794679165
3 18.191158413887024
0 18.29916223883629
2 18.470022588968277
0 18.582321643829346
2 18.671705961227417
2 19.08030515164137
2 19.194567143917084
2 19.296884298324585
2 19.47142791748047
0 19.585927724838257
3 19.681786477565765
2 20.095936603844166
3 20.196692019701004
0 20.320687383413315
2 20.478979766368866
2 20.59028708934784
0 20.694907248020172
2 21.09452287107706
1 21.19516584277153
1 21.318091690540314
2 21.479454189538956
1 21.5904324054718
1 21.691440761089325
1 22.09382503479719
0 22.191880151629448
3 22.323356062173843
3 22.479587733745575
2 22.590634882450104
1 22.688120424747467
1 23.09580584615469
2 23.192038670182228
1 23.330718755722046
1 23.48256626725197
1 23.589051365852356
3 23.69297629594803
0 24.07371734827757
0 24.191280275583267
0 24.298937052488327
0 24.467375367879868
1 24.58606380224228
1 24.678335309028625
0 25.09900590032339
3 25.193507447838783
2 25.33402317762375
0 25.479849129915237
1 25.591712594032288
2 25.69532150030136
3 26.08928718417883
0 26.190914630889893
2 26.315459072589874
0 26.47587063908577
1 26.590204536914825
0 26.68326884508133
0 27.082472421228886
2 27.192461371421814
1 27.30403310060501
0 27.46818470954895
0 27.581340491771698
3 27.67332762479782
2 28.08051734417677
1 28.19115163385868
1 28.305987298488617
0 28.470848470926285
1 28.583610475063324
1 28.67358636856079
2 29.087524764239788
3 29.19354574382305
1 29.315166145563126
2 29.473943889141083
1 29.58538430929184
3 29.679835498332977
1 30.08905740827322
0 30.191456764936447
3 30.317628800868988
3 30.477135449647903
2 30.589700758457184
0 30.684315979480743
1 31.10011775046587
0 31.192405685782433
3 31.334739834070206
3 31.483992218971252
3 31.592387437820435
0 31.693877279758453
2 32.090010695159435
3 32.19340480864048
2 32.31684935092926
3 32.479145884513855
3 32.59212505817413
2 32.6852930188179
3 33.0873249694705
2 33.19430546462536
3 33.31258875131607
0 33.47568595409393
2 33.588839530944824
2 33.685220181941986
3 34.08779635280371
2 34.192572608590126
0 34.31310677528381
3 34.47602644562721
1 34.59037834405899
3 34.68689411878586
2 35.08810568600893
0 35.193021923303604
2 35.31397503614426
2 35.47566455602646
3 35.58902883529663
0 35.687200248241425
0 36.09633456915617
2 36.19480040669441
2 36.32246124744415
2 36.48080903291702
2 36.5965234041214
2 36.705598175525665
1 37.0965668335557
0 37.194518372416496
0 37.323573648929596
2 37.480069786310196
0 37.59558683633804
2 37.699814200401306
0 38.090204529464245
2 38.192803144454956
0 38.31273454427719
0 38.47471284866333
3 38.59204798936844
0 38.690963089466095
3 39.085526280105114
3 39.19417890906334
1 39.30746525526047
3 39.47365981340408
2 39.58784818649292
0 39.68406921625137
0 40.07519995421171
0 40.19110497832298
0 40.30040693283081
1 40.47157064080238
0 40.589793384075165
0 40.6838476061821
3 41.09632583707571
1 41.19595392048359
3 41.32570153474808
0 41.48475942015648
1 41.59560465812683
3 41.69527608156204
3 42.100540332496166
0 42.19119493663311
2 42.33784732222557
1 42.48303762078285
2 42.58986657857895
3 42.690932512283325
3 43.08909707516432
2 43.18916416168213
1 43.31617060303688
1 43.476956486701965
3 43.583732068538666
2 43.674719870090485
3 44.085680954158306
2 44.19440548121929
2 44.30492654442787
2 44.47450205683708
0 44.58550727367401
1 44.67806160449982
2 45.101716838777065
1 45.19432736933231
1 45.33745938539505
2 45.483773559331894
3 45.59134203195572
3 45.700128972530365
2 46.09499254077673
3 46.193835735321045
0 46.33132213354111
2 46.48013570904732
2 46.58811604976654
1 46.69401925802231
3 47.094431690871716
3 47.18934525549412
1 47.322739630937576
1 47.48224774003029
3 47.58947950601578
3 47.68143051862717
2 48.0837447270751
1 48.19151517748833
3 48.30687004327774
0 48.47355964779854
1 48.588541865348816
3 48.68351435661316
0 49.07873498648405
0 49.19228020310402
2 49.30035388469696
3 49.47287958860397
2 49.58629387617111
1 49.68064510822296
0 50.09881680458784
3 50.19174335896969
0 50.33326202630997
0 50.48067292571068
2 50.59330028295517
3 50.69548553228378
0 51.091789312660694
0 51.18984904885292
0 51.32635909318924
3 51.47641497850418
1 51.583858013153076
1 51.68718957901001
1 52.084774516522884
1 52.192212492227554
3 52.30691120028496
1 52.473752826452255
0 52.58182883262634
0 52.674791276454926
0 53.10181736201048
3 53.194308906793594
3 53.33235362172127
1 53.480107456445694
1 53.59326672554016
1 53.69708639383316
0 54.09710880368948
1 54.19183595478535
3 54.32881084084511
3 54.48015794157982
3 54.59118211269379
1 54.68879145383835
1 55.08528161793947
0 55.19036962091923
3 55.31162130832672
2 55.47431045770645
1 55.58361655473709
2 55.67543250322342
0 56.091777332127094
0 56.19379219412804
1 56.316734462976456
3 56.47798678278923
1 56.59116303920746
0 56.690027594566345
2 57.09468638151884
0 57.193105816841125
3 57.324088394641876
2 57.48150506615639
3 57.592387437820435
2 57.69068878889084
0 58.093703769147396
2 58.19380733370781
1 58.32407796382904
1 58.47883915901184
0 58.58795899152756
0 58.691831052303314
0 59.09707709401846
3 59.193544656038284
0 59.332592129707336
2 59.47995886206627
1 59.58991360664368
1 59.6981617808342
2 60.09179920703173
1 60.193149372935295
0 60.31850126385689
1 60.474546521902084
0 60.588316202163696
0 60.68828707933426
2 61.07882606238127
2 61.19255414605141
0 61.29791432619095
2 61.46975979208946
0 61.58200490474701
2 61.676508724689484
3 62.09606986492872
0 62.19250167906284
0 62.32624277472496
3 62.47905573248863
2 62.587443232536316
3 62.68787479400635
3 63.09637413173914
1 63.191180765628815
3 63.32832360267639
0 63.47602620720863
2 63.58862924575806
2 63.685044288635254
0 64.09804957360029
3 64.1921164393425
0 64.33166864514351
2 64.4776074886322
2 64.59222686290741
1 64.69474118947983
0 65.08181603997946
2 65.18833717703819
0 65.30645817518234
2 65.47475618124008
3 65.5841555595398
1 65.67031633853912
3 66.10250278562307
0 66.19517663121223
2 66.33061003684998
0 66.48300129175186
0 66.59358215332031
0 66.69851732254028
0 67.09720998257399
3 67.19220496714115
0 67.32674199342728
1 67.47958827018738
1 67.5896588563919
3 67.68907231092453
0 68.08963517099619
3 68.19231614470482
1 68.31383952498436
0 68.47683838009834
0 68.58574080467224
2 68.67932671308517
3 69.08041859418154
0 69.19268441200256
2 69.29930543899536
0 69.46938642859459
3 69.5806941986084
3 69.67025238275528
2 70.09498236328363
1 70.19572009146214
0 70.32191291451454
3 70.47609952092171
1 70.58972132205963
2 70.69767862558365
1 71.09502398222685
1 71.1955730766058
2 71.3195969760418
0 71.47947642207146
2 71.59107875823975
3 71.69504135847092
1 72.09713148325682
3 72.19234734773636
1 72.3275917172432
3 72.47935554385185
0 72.59032821655273
0 72.69126069545746
2 73.08830835670233
3 73.19079895317554
2 73.3127091228962
0 73.47716265916824
0 73.5887719988823
1 73.68181389570236
1 74.07084161788225
0 74.19150015711784
2 74.29442495107651
2 74.46595111489296
3 74.58418548107147
2 74.67681097984314
0 75.09341310709715
2 75.19310994446278
0 75.32269981503487
1 75.47361662983894
2 75.58874344825745
2 75.69035243988037
3 76.09179999679327
3 76.19060760736465
1 76.31951856613159
2 76.4768480360508
1 76.58936703205109
3 76.68350368738174
0 77.07986067980528
1 77.19627033174038
2 77.29649850726128
2 77.47283270955086
2 77.58592522144318
0 77.68412435054779
0 78.08893159776926
3 78.19224421679974
3 78.31803706288338
1 78.47546136379242
2 78.58605808019638
0 78.6824079155922
3 79.08455457538366
3 79.19197605550289
2 79.31190297007561
2 79.47238129377365
3 79.585309445858
2 79.68008536100388
2 80.09770604223013
1 80.19346159696579
1 80.32701420783997
0 80.48298892378807
2 80.59239685535431
3 80.6903058886528
0 81.09563202410936
2 81.19244194030762
2 81.32636988162994
2 81.47916948795319
1 81.58660137653351
1 81.6868469119072
1 82.08634837716818
1 82.19365614652634
1 82.31121358275414
3 82.4756723344326
1 82.59050357341766
3 82.68468779325485
1 83.09525757282972
2 83.1953246742487
3 83.3259035050869
0 83.4768979549408
0 83.59089332818985
2 83.69560462236404
0 84.0921547934413
2 84.19305519759655
0 84.31934237480164
2 84.47845241427422
0 84.59121453762054
3 84.69307166337967
1 85.08832792192698
2 85.19121930003166
2 85.31656363606453
3 85.47714555263519
1 85.58903324604034
2 85.68264609575272
2 86.10001816600561
0 86.19442595541477
3 86.3259724676609
3 86.48114636540413
2 86.59678703546524
3 86.70403468608856
1 87.09537483006716
0 87.19459463655949
0 87.31887754797935
0 87.47844409942627
0 87.59378433227539
3 87.69553691148758
1 88.0930574759841
1 88.19237150251865
3 88.31760531663895
0 88.47578465938568
1 88.58950126171112
2 88.68793159723282
0 89.08523131161928
2 89.19274365901947
3 89.31046310067177
3 89.47269088029861
2 89.58571940660477
2 89.68267220258713
2 90.07468915730715
3 90.19103333353996
0 90.29647532105446
1 90.46889561414719
0 90.58587557077408
3 90.67711770534515
2 91.06925245374441
0 91.19121280312538
1 91.29568812251091
2 91.46926388144493
3 91.58732771873474
2 91.68287652730942
0 92.07815059274435
2 92.19342795014381
3 92.30324962735176
3 92.47462818026543
0 92.59522223472595
0 92.69851094484329
0 93.07592400163412
3 93.19470050930977
3 93.29745310544968
1 93.47008404135704
2 93.5908203125
1 93.69320613145828
1 94.07233157008886
3 94.19298973679543
2 94.29688543081284
3 94.47033193707466
0 94.58909267187119
2 94.68701237440109
1 95.07478984445333
0 95.19420209527016
0 95.29813528060913
3 95.47173777222633
3 95.59104973077774
2 95.69508069753647
1 96.07244694977999
2 96.19291761517525
2 96.2976767718792
0 96.46920999884605
1 96.58671283721924
1 96.6824843287468
1 97.07763388007879
3 97.19333058595657
3 97.30345767736435
3 97.47418943047523
0 97.59346103668213
3 97.69835990667343
0 98.06981090456247
0 98.19235579669476
3 98.29422810673714
3 98.46654736995697
3 98.58754271268845
2 98.68671524524689
1 99.07130516320467
3 99.1919282078743
0 99.2954788506031
3 99.46982425451279
3 99.58893179893494
2 99.68545496463776
0 100.08764966577291
1 100.1918943375349
3 100.32249283790588
3 100.47715097665787
3 100.59970152378082
1 100.70474845170975
1 101.09697140008211
3 101.19036649167538
1 101.34358197450638
1 101.47734400629997
1 101.59300845861435
0 101.69255661964417
2 102.10154455155134
0 102.19543977081776
3 102.36283212900162
3 102.48280310630798
1 102.59337103366852
0 102.71578031778336
2 103.10245952755213
0 103.1915855705738
3 103.35734498500824
2 103.45344576239586
0 103.60473591089249
1 103.72868412733078