title
artist
164 60 2
3 1.1045283847062557
1 1.2326782037093382
3 1.3165586492545345
2 1.6119373152738592
1 1.6468272025892876
0 1.7362531104544645
3 1.948182076215744
0 2.3893785125669456
2 2.4146946566021104
0 2.7825963163764498
1 2.8433935046195984
1 3.0565707482124886
3 3.253105293881483
1 3.2849734336751326
0 3.439652955139024
3 3.4746550639620364
0 3.662721923067201
1 3.757888528914428
1 3.799185580175231
1 3.9665364027023315
2 4.056570748212488
3 4.253105293881482
2 4.284973433675132
0 4.439652955139024
0 4.474655063962036
1 4.662721923067201
2 4.757888528914428
2 4.799185580175231
3 4.9665364027023315
2 5.0334635972976685
1 5.149720728397369
3 5.16857185959816
2 5.260070264339447
0 5.280775249004364
2 5.39202344417572
1 5.448317855596542
0 5.472746521234512
1 5.571740448474884
0 5.697826965649923
1 5.95
1 6.328259551525116
1 6.0334635972976685
0 6.149720728397369
0 6.16857185959816
2 6.260070264339447
0 6.280775249004364
1 6.39202344417572
3 6.448317855596542
0 6.472746521234512
3 6.571740448474884
1 6.697826965649923
0 6.95
0 7.328259551525116
3 7.056570748212488
0 7.253105293881482
0 7.284973433675132
2 7.439652955139024
2 7.474655063962036
3 7.662721923067201
1 7.757888528914428
0 7.799185580175231
0 7.9665364027023315
3 8.056570748212488
2 8.253105293881482
0 8.284973433675132
2 8.439652955139024
1 8.474655063962036
3 8.6627219230672
0 8.757888528914428
2 8.79918558017523
1 8.966536402702332
2 9.056570748212488
0 9.253105293881482
3 9.284973433675132
1 9.439652955139024
2 9.474655063962036
0 9.6627219230672
1 9.757888528914428
3 9.79918558017523
0 9.966536402702332
1 10.056570748212488
0 10.253105293881482
2 10.284973433675132
3 10.439652955139024
0 10.474655063962036
0 10.6627219230672
1 10.757888528914428
2 10.79918558017523
3 10.966536402702332
3 11.056570748212488
2 11.253105293881482
2 11.284973433675132
1 11.439652955139024
1 11.474655063962036
0 11.6627219230672
2 11.757888528914428
3 11.79918558017523
1 11.966536402702332
2 12.056570748212488
1 12.253105293881482
2 12.284973433675132
0 12.439652955139024
1 12.474655063962036
2 12.6627219230672
0 12.757888528914428
1 12.79918558017523
0 12.966536402702332
3 13.056570748212488
2 13.253105293881482
3 13.284973433675132
3 13.439652955139024
1 13.474655063962036
2 13.6627219230672
1 13.757888528914428
0 13.79918558017523
1 13.966536402702332
2 14.056570748212488
0 14.253105293881482
3 14.284973433675132
1 14.439652955139024
1 14.474655063962036
1 14.6627219230672
2 14.757888528914428
1 14.79918558017523
3 14.966536402702332
3 15.056570748212488
3 15.253105293881482
3 15.284973433675132
2 15.439652955139024
2 15.474655063962036
2 15.6627219230672
3 15.757888528914428
0 15.79918558017523
1 15.966536402702332
2 16.05657074821249
3 16.253105293881482
3 16.284973433675134
2 16.439652955139024
1 16.474655063962036
0 16.6627219230672
2 16.757888528914428
0 16.79918558017523
2 16.96653640270233
0 17.05657074821249
3 17.253105293881482
1 17.284973433675134
0 17.439652955139024
3 17.474655063962036
2 17.6627219230672
1 17.757888528914428
2 17.79918558017523
0 17.96653640270233
1 18.05657074821249
3 18.253105293881482
1 18.284973433675134
0 18.439652955139024
2 18.474655063962036
1 18.6627219230672
0 18.757888528914428
1 18.79918558017523
3 18.96653640270233
1 19.05657074821249
3 19.253105293881482
0 19.284973433675134
3 19.439652955139024
1 19.474655063962036
1 19.6627219230672
1 19.757888528914428
0 19.79918558017523
2 19.96653640270233
2 20.05657074821249
0 20.253105293881482
2 20.284973433675134
0 20.439652955139024
1 20.474655063962036
2 20.6627219230672
3 20.757888528914428
0 20.79918558017523
2 20.96653640270233
1 21.05657074821249
3 21.253105293881482
1 21.284973433675134
3 21.439652955139024
3 21.474655063962036
2 21.6627219230672
0 21.757888528914428
3 21.79918558017523
3 21.96653640270233
1 22.05657074821249
2 22.253105293881482
0 22.284973433675134
3 22.439652955139024
3 22.474655063962036
1 22.6627219230672
3 22.757888528914428
3 22.79918558017523
2 22.96653640270233
2 23.05657074821249
3 23.253105293881482
0 23.284973433675134
3 23.439652955139024
3 23.474655063962036
0 23.6627219230672
2 23.757888528914428
2 23.79918558017523
2 23.96653640270233
1 24.05657074821249
0 24.253105293881482
2 24.284973433675134
3 24.439652955139024
1 24.474655063962036
1 24.6627219230672
1 24.757888528914428
1 24.79918558017523
2 24.96653640270233
2 25.05657074821249
2 25.253105293881482
2 25.284973433675134
2 25.439652955139024
3 25.474655063962036
2 25.6627219230672
3 25.757888528914428
0 25.79918558017523
0 25.96653640270233
0 26.05657074821249
0 26.253105293881482
0 26.284973433675134
1 26.439652955139024
0 26.474655063962036
1 26.6627219230672
0 26.757888528914428
1 26.79918558017523
1 26.96653640270233
1 27.05657074821249
2 27.253105293881482
3 27.284973433675134
3 27.439652955139024
3 27.474655063962036
1 27.6627219230672
2 27.757888528914428
3 27.79918558017523
1 27.96653640270233
1 28.05657074821249
1 28.253105293881482
3 28.284973433675134
0 28.439652955139024
1 28.474655063962036
0 28.6627219230672
0 28.757888528914428
1 28.79918558017523
0 28.96653640270233
0 29.05657074821249
3 29.253105293881482
2 29.284973433675134
3 29.439652955139024
1 29.474655063962036
3 29.6627219230672
0 29.757888528914428
0 29.79918558017523
3 29.96653640270233
3 30.05657074821249
1 30.253105293881482
0 30.284973433675134
0 30.439652955139024
1 30.474655063962036
1 30.6627219230672
0 30.757888528914428
2 30.79918558017523
1 30.96653640270233
3 31.05657074821249
3 31.253105293881482
2 31.284973433675134
0 31.439652955139024
0 31.474655063962036
0 31.6627219230672
2 31.757888528914428
3 31.79918558017523
1 31.96653640270233
0 32.056570748212486
3 32.25310529388148
2 32.284973433675134
3 32.439652955139024
1 32.47465506396204
1 32.6627219230672
3 32.75788852891443
3 32.799185580175234
2 32.96653640270233
3 33.056570748212486
3 33.25310529388148
3 33.284973433675134
1 33.439652955139024
2 33.47465506396204
3 33.6627219230672
2 33.75788852891443
2 33.799185580175234
1 33.96653640270233
3 34.056570748212486
3 34.25310529388148
2 34.284973433675134
0 34.439652955139024
0 34.47465506396204
2 34.6627219230672
0 34.75788852891443
0 34.799185580175234
2 34.96653640270233
1 35.056570748212486
3 35.25310529388148
0 35.284973433675134
2 35.439652955139024
2 35.47465506396204
2 35.6627219230672
2 35.75788852891443
2 35.799185580175234
3 35.96653640270233
3 36.056570748212486
0 36.25310529388148
1 36.284973433675134
1 36.439652955139024
1 36.47465506396204
2 36.6627219230672
1 36.75788852891443
3 36.799185580175234
2 36.96653640270233
3 37.056570748212486
0 37.25310529388148
0 37.284973433675134
0 37.439652955139024
3 37.47465506396204
0 37.6627219230672
2 37.75788852891443
3 37.799185580175234
2 37.96653640270233
1 38.056570748212486
3 38.25310529388148
0 38.284973433675134
1 38.439652955139024
0 38.47465506396204
2 38.6627219230672
0 38.75788852891443
2 38.799185580175234
2 38.96653640270233
2 39.056570748212486
3 39.25310529388148
1 39.284973433675134
3 39.439652955139024
1 39.47465506396204
0 39.6627219230672
3 39.75788852891443
3 39.799185580175234
1 39.96653640270233
0 40.056570748212486
1 40.25310529388148
0 40.284973433675134
2 40.439652955139024
3 40.47465506396204
3 40.6627219230672
2 40.75788852891443
3 40.799185580175234
3 40.96653640270233
0 41.056570748212486
2 41.25310529388148
3 41.284973433675134
0 41.439652955139024
1 41.47465506396204
2 41.6627219230672
3 41.75788852891443
3 41.799185580175234
1 41.96653640270233
0 42.056570748212486
3 42.25310529388148
2 42.284973433675134
2 42.439652955139024
3 42.47465506396204
3 42.6627219230672
3 42.75788852891443
0 42.799185580175234
1 42.96653640270233
3 43.056570748212486
2 43.25310529388148
2 43.284973433675134
0 43.439652955139024
0 43.47465506396204
1 43.6627219230672
0 43.75788852891443
0 43.799185580175234
3 43.96653640270233
2 44.056570748212486
0 44.25310529388148
3 44.284973433675134
1 44.439652955139024
1 44.47465506396204
0 44.6627219230672
0 44.75788852891443
1 44.799185580175234
2 44.96653640270233
1 45.056570748212486
3 45.25310529388148
1 45.284973433675134
3 45.439652955139024
3 45.47465506396204
0 45.6627219230672
0 45.75788852891443
3 45.799185580175234
2 45.96653640270233
3 46.056570748212486
3 46.25310529388148
2 46.284973433675134
1 46.439652955139024
0 46.47465506396204
1 46.6627219230672
3 46.75788852891443
2 46.799185580175234
0 46.96653640270233
3 47.056570748212486
0 47.25310529388148
0 47.284973433675134
0 47.439652955139024
1 47.47465506396204
0 47.6627219230672
2 47.75788852891443
3 47.799185580175234
2 47.96653640270233
2 48.056570748212486
1 48.25310529388148
1 48.284973433675134
1 48.439652955139024
0 48.47465506396204
3 48.6627219230672
3 48.75788852891443
2 48.799185580175234
1 48.96653640270233
0 49.056570748212486
0 49.25310529388148
3 49.284973433675134
0 49.439652955139024
1 49.47465506396204
2 49.6627219230672
0 49.75788852891443
2 49.799185580175234
2 49.96653640270233
0 50.056570748212486
1 50.25310529388148
2 50.284973433675134
0 50.439652955139024
0 50.47465506396204
0 50.6627219230672
3 50.75788852891443
3 50.799185580175234
1 50.96653640270233
2 51.056570748212486
0 51.25310529388148
3 51.284973433675134
3 51.439652955139024
3 51.47465506396204
2 51.6627219230672
3 51.75788852891443
1 51.799185580175234
3 51.96653640270233
2 52.056570748212486
3 52.25310529388148
2 52.284973433675134
1 52.439652955139024
0 52.47465506396204
2 52.6627219230672
2 52.75788852891443
1 52.799185580175234
1 52.96653640270233
1 53.056570748212486
0 53.25310529388148
3 53.284973433675134
2 53.439652955139024
3 53.47465506396204
0 53.6627219230672
3 53.75788852891443
0 53.799185580175234
2 53.96653640270233
3 54.056570748212486
2 54.25310529388148
3 54.284973433675134
1 54.439652955139024
1 54.47465506396204
2 54.6627219230672
3 54.75788852891443
0 54.799185580175234
2 54.96653640270233
2 55.056570748212486
2 55.25310529388148
1 55.284973433675134
3 55.439652955139024
1 55.47465506396204
2 55.6627219230672
0 55.75788852891443
1 55.799185580175234
1 55.96653640270233
2 56.056570748212486
1 56.25310529388148
3 56.284973433675134
2 56.439652955139024
0 56.47465506396204
0 56.6627219230672
2 56.75788852891443
0 56.799185580175234
3 56.96653640270233
1 57.056570748212486
1 57.25310529388148
1 57.284973433675134
2 57.439652955139024
1 57.47465506396204
0 57.6627219230672
1 57.75788852891443
3 57.799185580175234
3 57.96653640270233
3 58.056570748212486
0 58.25310529388148
2 58.284973433675134
0 58.439652955139024
0 58.47465506396204
0 58.6627219230672
3 58.75788852891443
0 58.799185580175234
0 58.96653640270233
1 59.056570748212486
1 59.25310529388148
1 59.284973433675134
0 59.439652955139024
3 59.47465506396204
2 59.6627219230672
2 59.75788852891443
3 59.799185580175234
1 59.96653640270233
0 60.056570748212486
2 60.25310529388148
1 60.284973433675134
3 60.439652955139024
2 60.47465506396204
1 60.6627219230672
2 60.75788852891443
1 60.799185580175234
3 60.96653640270233
0 61.056570748212486
1 61.25310529388148
3 61.284973433675134
3 61.439652955139024
1 61.47465506396204
1 61.6627219230672
1 61.75788852891443
3 61.799185580175234
3 61.96653640270233
0 62.056570748212486
0 62.25310529388148
0 62.284973433675134
1 62.439652955139024
0 62.47465506396204
1 62.6627219230672
1 62.75788852891443
2 62.799185580175234
2 62.96653640270233
0 63.056570748212486
3 63.25310529388148
0 63.284973433675134
1 63.439652955139024
0 63.47465506396204
2 63.6627219230672
2 63.75788852891443
1 63.799185580175234
0 63.96653640270233
0 64.0565707482125
2 64.25310529388149
1 64.28497343367513
0 64.43965295513902
1 64.47465506396203
2 64.6627219230672
1 64.75788852891444
2 64.79918558017523
2 64.96653640270233
0 65.0565707482125
2 65.25310529388149
3 65.28497343367513
3 65.43965295513902
2 65.47465506396203
2 65.6627219230672
3 65.75788852891444
2 65.79918558017523
3 65.96653640270233
0 66.0565707482125
2 66.25310529388149
1 66.28497343367513
0 66.43965295513902
0 66.47465506396203
0 66.6627219230672
1 66.75788852891444
0 66.79918558017523
1 66.96653640270233
2 67.0565707482125
3 67.25310529388149
3 67.28497343367513
0 67.43965295513902
1 67.47465506396203
0 67.6627219230672
2 67.75788852891444
0 67.79918558017523
3 67.96653640270233
3 68.0565707482125
3 68.25310529388149
1 68.28497343367513
2 68.43965295513902
1 68.47465506396203
3 68.6627219230672
2 68.75788852891444
2 68.79918558017523
2 68.96653640270233
1 69.0565707482125
2 69.25310529388149
3 69.28497343367513
2 69.43965295513902
3 69.47465506396203
0 69.6627219230672
3 69.75788852891444
3 69.79918558017523
1 69.96653640270233
3 70.03346359729767
3 70.14972072839737
0 70.16857185959816
1 70.26007026433945
0 70.28077524900436
0 70.39202344417572
3 70.44831785559654
1 70.47274652123451
0 70.57174044847488
3 70.69782696564992
3 70.95
0 71.32825955152512
1 71.0565707482125
3 71.25310529388149
0 71.28497343367513
2 71.43965295513902
1 71.47465506396203
2 71.6627219230672
3 71.75788852891444
3 71.79918558017523
0 71.96653640270233
2 72.0565707482125
3 72.25310529388149
3 72.28497343367513
1 72.43965295513902
0 72.47465506396203
0 72.6627219230672
2 72.75788852891444
2 72.79918558017523
1 72.96653640270233
2 73.0565707482125
0 73.25310529388149
1 73.28497343367513
1 73.43965295513902
3 73.47465506396203
0 73.6627219230672
3 73.75788852891444
3 73.79918558017523
3 73.96653640270233
3 74.0565707482125
2 74.25310529388149
2 74.28497343367513
3 74.43965295513902
3 74.47465506396203
0 74.6627219230672
2 74.75788852891444
1 74.79918558017523
0 74.96653640270233
2 75.0565707482125
2 75.25310529388149
0 75.28497343367513
2 75.43965295513902
0 75.47465506396203
3 75.6627219230672
1 75.75788852891444
3 75.79918558017523
2 75.96653640270233
1 76.0565707482125
0 76.25310529388149
2 76.28497343367513
3 76.43965295513902
0 76.47465506396203
1 76.6627219230672
1 76.75788852891444
3 76.79918558017523
2 76.96653640270233
3 77.0565707482125
1 77.25310529388149
1 77.28497343367513
1 77.43965295513902
2 77.47465506396203
3 77.6627219230672
0 77.75788852891444
0 77.79918558017523
2 77.96653640270233
1 78.0565707482125
1 78.25310529388149
0 78.28497343367513
1 78.43965295513902
3 78.47465506396203
3 78.6627219230672
1 78.75788852891444
3 78.79918558017523
1 78.96653640270233
0 79.0565707482125
0 79.25310529388149
2 79.28497343367513
0 79.43965295513902
0 79.47465506396203
0 79.6627219230672
0 79.75788852891444
2 79.79918558017523
0 79.96653640270233
0 80.0565707482125
0 80.25310529388149
3 80.28497343367513
2 80.43965295513902
3 80.47465506396203
2 80.6627219230672
3 80.75788852891444
3 80.79918558017523
3 80.96653640270233
2 81.0565707482125
1 81.25310529388149
1 81.28497343367513
3 81.43965295513902
1 81.47465506396203
0 81.6627219230672
0 81.75788852891444
2 81.79918558017523
0 81.96653640270233
3 82.0565707482125
3 82.25310529388149
0 82.28497343367513
0 82.43965295513902
0 82.47465506396203
0 82.6627219230672
3 82.75788852891444
3 82.79918558017523
2 82.96653640270233
1 83.0565707482125
1 83.25310529388149
2 83.28497343367513
3 83.43965295513902
0 83.47465506396203
0 83.6627219230672
2 83.75788852891444
2 83.79918558017523
2 83.96653640270233
3 84.0565707482125
1 84.25310529388149
1 84.28497343367513
0 84.43965295513902
2 84.47465506396203
1 84.6627219230672
0 84.75788852891444
3 84.79918558017523
2 84.96653640270233
2 85.0565707482125
0 85.25310529388149
1 85.28497343367513
3 85.43965295513902
0 85.47465506396203
3 85.6627219230672
1 85.75788852891444
1 85.79918558017523
0 85.96653640270233
2 86.0565707482125
3 86.25310529388149
0 86.28497343367513
0 86.43965295513902
0 86.47465506396203
1 86.6627219230672
2 86.75788852891444
3 86.79918558017523
1 86.96653640270233
0 87.0565707482125
2 87.25310529388149
3 87.28497343367513
0 87.43965295513902
2 87.47465506396203
2 87.6627219230672
3 87.75788852891444
0 87.79918558017523
0 87.96653640270233
3 88.0565707482125
3 88.25310529388149
3 88.28497343367513
3 88.43965295513902
2 88.47465506396203
1 88.6627219230672
2 88.75788852891444
1 88.79918558017523
1 88.96653640270233
1 89.0565707482125
2 89.25310529388149
0 89.28497343367513
2 89.43965295513902
1 89.47465506396203
2 89.6627219230672
0 89.75788852891444
3 89.79918558017523
3 89.96653640270233
2 90.0565707482125
1 90.25310529388149
3 90.28497343367513
2 90.43965295513902
0 90.47465506396203
3 90.6627219230672
1 90.75788852891444
2 90.79918558017523
1 90.96653640270233
1 91.0565707482125
0 91.25310529388149
1 91.28497343367513
1 91.43965295513902
2 91.47465506396203
0 91.6627219230672
3 91.75788852891444
2 91.79918558017523
1 91.96653640270233
2 92.0565707482125
2 92.25310529388149
0 92.28497343367513
3 92.43965295513902
2 92.47465506396203
1 92.6627219230672
3 92.75788852891444
0 92.79918558017523
0 92.96653640270233
0 93.0565707482125
3 93.25310529388149
0 93.28497343367513
0 93.43965295513902
3 93.47465506396203
3 93.6627219230672
2 93.75788852891444
3 93.79918558017523
3 93.96653640270233
1 94.0565707482125
3 94.25310529388149
0 94.28497343367513
0 94.43965295513902
0 94.47465506396203
3 94.6627219230672
2 94.75788852891444
2 94.79918558017523
1 94.96653640270233
1 95.0565707482125
2 95.25310529388149
2 95.28497343367513
1 95.43965295513902
3 95.47465506396203
0 95.6627219230672
1 95.75788852891444
1 95.79918558017523
2 95.96653640270233
3 96.0565707482125
1 96.25310529388149
0 96.28497343367513
3 96.43965295513902
3 96.47465506396203
1 96.6627219230672
0 96.75788852891444
2 96.79918558017523
1 96.96653640270233
1 97.0565707482125
3 97.25310529388149
3 97.28497343367513
2 97.43965295513902
3 97.47465506396203
1 97.6627219230672
0 97.75788852891444
3 97.79918558017523
0 97.96653640270233
1 98.0565707482125
3 98.25310529388149
3 98.28497343367513
0 98.43965295513902
1 98.47465506396203
0 98.6627219230672
0 98.75788852891444
2 98.79918558017523
0 98.96653640270233
1 99.0565707482125
2 99.25310529388149
3 99.28497343367513
1 99.43965295513902
0 99.47465506396203
0 99.6627219230672
1 99.75788852891444
2 99.79918558017523
1 99.96653640270233
2 100.0565707482125
2 100.25310529388149
3 100.28497343367513
0 100.43965295513902
3 100.47465506396203
2 100.6627219230672
1 100.75788852891444
1 100.79918558017523
2 100.96653640270233
2 101.0565707482125
0 101.25310529388149
0 101.28497343367513
0 101.43965295513902
2 101.47465506396203
2 101.6627219230672
3 101.75788852891444
3 101.79918558017523
2 101.96653640270233
1 102.0565707482125
0 102.25310529388149
3 102.28497343367513
3 102.43965295513902
0 102.47465506396203
3 102.6627219230672
2 102.75788852891444
0 102.79918558017523
3 102.96653640270233
1 103.0565707482125
1 103.25310529388149
3 103.28497343367513
2 103.43965295513902
0 103.47465506396203
0 103.6627219230672
0 103.75788852891444
1 103.79918558017523
1 103.96653640270233
1 104.0565707482125
2 104.25310529388149
3 104.28497343367513
3 104.43965295513902
0 104.47465506396203
1 104.6627219230672
0 104.75788852891444
3 104.79918558017523
3 104.96653640270233
3 105.0565707482125
0 105.25310529388149
3 105.28497343367513
3 105.43965295513902
0 105.47465506396203
3 105.6627219230672
2 105.75788852891444
1 105.79918558017523
0 105.96653640270233
2 106.0565707482125
3 106.25310529388149
1 106.28497343367513
3 106.43965295513902
2 106.47465506396203
2 106.6627219230672
1 106.75788852891444
2 106.79918558017523
2 106.96653640270233
0 107.0565707482125
1 107.25310529388149
0 107.28497343367513
2 107.43965295513902
3 107.47465506396203
1 107.6627219230672
0 107.75788852891444
3 107.79918558017523
0 107.96653640270233
1 108.0565707482125
1 108.25310529388149
1 108.28497343367513
2 108.43965295513902
0 108.47465506396203
0 108.6627219230672
3 108.75788852891444
2 108.79918558017523
3 108.96653640270233
2 109.0565707482125
1 109.25310529388149
2 109.28497343367513
2 109.43965295513902
0 109.47465506396203
3 109.6627219230672
3 109.75788852891444
0 109.79918558017523
3 109.96653640270233
0 110.0565707482125
0 110.25310529388149
2 110.28497343367513
0 110.43965295513902
0 110.47465506396203
3 110.6627219230672
2 110.75788852891444
0 110.79918558017523
3 110.96653640270233
2 111.0565707482125
2 111.25310529388149
3 111.28497343367513
1 111.43965295513902
3 111.47465506396203
3 111.6627219230672
2 111.75788852891444
3 111.79918558017523
2 111.96653640270233
2 112.0565707482125
0 112.25310529388149
2 112.28497343367513
3 112.43965295513902
2 112.47465506396203
1 112.6627219230672
0 112.75788852891444
2 112.79918558017523
3 112.96653640270233
1 113.0565707482125
2 113.25310529388149
3 113.28497343367513
3 113.43965295513902
1 113.47465506396203
2 113.6627219230672
1 113.75788852891444
2 113.79918558017523
2 113.96653640270233
1 114.0565707482125
3 114.25310529388149
0 114.28497343367513
2 114.43965295513902
0 114.47465506396203
0 114.6627219230672
0 114.75788852891444
0 114.79918558017523
1 114.96653640270233
2 115.0565707482125
1 115.25310529388149
2 115.28497343367513
0 115.43965295513902
3 115.47465506396203
3 115.6627219230672
1 115.75788852891444
1 115.79918558017523
0 115.96653640270233
0 116.03346359729767
3 116.14972072839737
2 116.16857185959816
1 116.26007026433945
2 116.28077524900436
2 116.39202344417572
1 116.44831785559654
2 116.47274652123451
0 116.57174044847488
0 116.64739235877991
1 116.79869617938995
0 117.02565191030503
3 117.32825955152512
2 117.70651910305023
3 117.03346359729767
0 117.14972072839737
2 117.16857185959816
2 117.26007026433945
1 117.28077524900436
2 117.39202344417572
3 117.44831785559654
3 117.47274652123451
2 117.57174044847488
0 117.66630533635616
3 117.85543511211873
1 118.13912977576256
0 118.51738932728767
1 118.03346359729767
0 118.14972072839737
2 118.16857185959816
1 118.26007026433945
1 118.28077524900436
2 118.39202344417572
0 118.44831785559654
2 118.47274652123451
2 118.57174044847488
2 118.69782696564992
3 118.95
0 119.32825955152512
1 119.0565707482125
3 119.25310529388149
0 119.28497343367513
1 119.43965295513902
2 119.47465506396203
0 119.6627219230672
2 119.75788852891444
2 119.79918558017523
0 119.96653640270233
0 120.0565707482125
1 120.25310529388149
2 120.28497343367513
1 120.43965295513902
0 120.47465506396203
2 120.6627219230672
2 120.75788852891444
3 120.79918558017523
3 120.96653640270233
2 121.0565707482125
1 121.25310529388149
0 121.28497343367513
2 121.43965295513902
3 121.47465506396203
0 121.6627219230672
3 121.75788852891444
2 121.79918558017523
3 121.96653640270233
0 122.0565707482125
1 122.25310529388149
1 122.28497343367513
3 122.43965295513902
0 122.47465506396203
1 122.6627219230672
3 122.75788852891444
1 122.79918558017523
0 122.96653640270233
2 123.0565707482125
0 123.25310529388149
2 123.28497343367513
1 123.43965295513902
0 123.47465506396203
3 123.6627219230672
2 123.75788852891444
2 123.79918558017523
1 123.96653640270233
1 124.0565707482125
0 124.25310529388149
1 124.28497343367513
1 124.43965295513902
3 124.47465506396203
2 124.6627219230672
0 124.75788852891444
1 124.79918558017523
1 124.96653640270233
0 125.0565707482125
1 125.25310529388149
1 125.28497343367513
1 125.43965295513902
0 125.47465506396203
0 125.6627219230672
1 125.75788852891444
2 125.79918558017523
2 125.96653640270233
3 126.0565707482125
3 126.25310529388149
0 126.28497343367513
3 126.43965295513902
3 126.47465506396203
2 126.6627219230672
2 126.75788852891444
0 126.79918558017523
3 126.96653640270233
0 127.0565707482125
3 127.25310529388149
2 127.28497343367513
0 127.43965295513902
3 127.47465506396203
0 127.6627219230672
1 127.75788852891444
2 127.79918558017523
0 127.96653640270233
1 128.0565707482125
0 128.25310529388148
3 128.28497343367513
0 128.43965295513902
2 128.47465506396205
3 128.6627219230672
0 128.75788852891444
0 128.79918558017522
0 128.96653640270233
2 129.0565707482125
3 129.25310529388148
0 129.28497343367513
0 129.43965295513902
0 129.47465506396205
2 129.6627219230672
0 129.75788852891444
1 129.79918558017522
0 129.96653640270233
1 130.0565707482125
2 130.25310529388148
3 130.28497343367513
1 130.43965295513902
0 130.47465506396205
3 130.6627219230672
0 130.75788852891444
0 130.79918558017522
0 130.96653640270233
1 131.0565707482125
2 131.25310529388148
3 131.28497343367513
2 131.43965295513902
3 131.47465506396205
2 131.6627219230672
0 131.75788852891444
3 131.79918558017522
3 131.96653640270233
0 132.0565707482125
3 132.25310529388148
2 132.28497343367513
1 132.43965295513902
0 132.47465506396205
3 132.6627219230672
1 132.75788852891444
2 132.79918558017522
1 132.96653640270233
0 133.0565707482125
2 133.25310529388148
0 133.28497343367513
2 133.43965295513902
2 133.47465506396205
1 133.6627219230672
2 133.75788852891444
1 133.79918558017522
0 133.96653640270233
3 134.0565707482125
1 134.25310529388148
3 134.28497343367513
3 134.43965295513902
1 134.47465506396205
1 134.6627219230672
1 134.75788852891444
2 134.79918558017522
2 134.96653640270233
0 135.0565707482125
1 135.25310529388148
1 135.28497343367513
3 135.43965295513902
1 135.47465506396205
0 135.6627219230672
3 135.75788852891444
3 135.79918558017522
2 135.96653640270233
1 136.0565707482125
0 136.25310529388148
0 136.28497343367513
0 136.43965295513902
0 136.47465506396205
2 136.6627219230672
3 136.75788852891444
3 136.79918558017522
0 136.96653640270233
1 137.0565707482125
1 137.25310529388148
2 137.28497343367513
0 137.43965295513902
1 137.47465506396205
0 137.6627219230672
2 137.75788852891444
2 137.79918558017522
1 137.96653640270233
2 138.0565707482125
1 138.25310529388148
1 138.28497343367513
1 138.43965295513902
3 138.47465506396205
0 138.6627219230672
0 138.75788852891444
1 138.79918558017522
2 138.96653640270233
2 139.0565707482125
0 139.25310529388148
3 139.28497343367513
3 139.43965295513902
3 139.47465506396205
3 139.6627219230672
1 139.75788852891444
0 139.79918558017522
3 139.96653640270233
3 140.03299836421218
1 140.23838851046818
3 140.28813015084614
3 140.43456814695477
3 140.473314509968
1 140.67634740798513
3 140.7663352687479
0 140.80912575238662
2 140.98105377145112
0 141.0565707482125
1 141.25310529388148
2 141.28497343367513
1 141.43965295513902
1 141.47465506396205
3 141.6627219230672
1 141.75788852891444
0 141.79918558017522
0 141.96653640270233
3 142.0565707482125
3 142.25310529388148
0 142.28497343367513
1 142.43965295513902
2 142.47465506396205
3 142.6627219230672
2 142.75788852891444
3 142.79918558017522
1 142.96653640270233
1 143.0565707482125
0 143.25310529388148
0 143.28497343367513
3 143.43965295513902
0 143.47465506396205
0 143.6627219230672
3 143.75788852891444
0 143.79918558017522
0 143.96653640270233
3 144.0565707482125
2 144.25310529388148
2 144.28497343367513
0 144.43965295513902
1 144.47465506396205
3 144.6627219230672
3 144.75788852891444
0 144.79918558017522
1 144.96653640270233
1 145.0565707482125
0 145.25310529388148
1 145.28497343367513
0 145.43965295513902
3 145.47465506396205
3 145.6627219230672
0 145.75788852891444
1 145.79918558017522
1 145.96653640270233
3 146.0565707482125
0 146.25310529388148
2 146.28497343367513
2 146.43965295513902
0 146.47465506396205
3 146.6627219230672
1 146.75788852891444
3 146.79918558017522
3 146.96653640270233
2 147.0565707482125
1 147.25310529388148
0 147.28497343367513
1 147.43965295513902
3 147.47465506396205
1 147.6627219230672
3 147.75788852891444
0 147.79918558017522
2 147.96653640270233
2 148.0565707482125
0 148.25310529388148
0 148.28497343367513
3 148.43965295513902
3 148.47465506396205
3 148.6627219230672
0 148.75788852891444
1 148.79918558017522
0 148.96653640270233
1 149.0565707482125
0 149.25310529388148
0 149.28497343367513
1 149.43965295513902
3 149.47465506396205
1 149.6627219230672
0 149.75788852891444
3 149.79918558017522
3 149.96653640270233
0 150.0565707482125
1 150.25310529388148
1 150.28497343367513
1 150.43965295513902
0 150.47465506396205
0 150.6627219230672
1 150.75788852891444
3 150.79918558017522
1 150.96653640270233
0 151.0565707482125
3 151.25310529388148
3 151.28497343367513
1 151.43965295513902
0 151.47465506396205
3 151.6627219230672
0 151.75788852891444
2 151.79918558017522
3 151.96653640270233
0 152.03346359729767
1 152.14972072839737
1 152.16857185959816
3 152.26007026433945
0 152.28077524900436
3 152.39202344417572
2 152.44831785559654
2 152.4727465212345
2 152.57174044847488
1 152.66630533635617
0 152.85543511211873
3 153.13912977576257
0 153.51738932728767
1 153.03346359729767
2 153.14972072839737
2 153.16857185959816
0 153.26007026433945
2 153.28077524900436
2 153.39202344417572
3 153.44831785559654
0 153.4727465212345
3 153.57174044847488
2 153.6978269656499
0 153.95
3 154.32825955152512
3 154.0565707482125
3 154.25310529388148
1 154.28497343367513
2 154.43965295513902
0 154.47465506396205
2 154.6627219230672
2 154.75788852891444
0 154.79918558017522
0 154.96653640270233
1 155.0565707482125
2 155.25310529388148
2 155.28497343367513
0 155.43965295513902
1 155.47465506396205
2 155.6627219230672
3 155.75788852891444
0 155.79918558017522
3 155.96653640270233
3 156.03346359729767
1 156.14972072839737
2 156.16857185959816
0 156.26007026433945
1 156.28077524900436
3 156.39202344417572
3 156.44831785559654
0 156.4727465212345
1 156.57174044847488
3 156.6978269656499
3 156.95
0 157.32825955152512
2 157.0565707482125
2 157.25310529388148
0 157.28497343367513
2 157.43965295513902
1 157.47465506396205
0 157.6627219230672
0 157.75788852891444
0 157.79918558017522
0 157.96653640270233
1 158.0565707482125
3 158.25310529388148
2 158.28497343367513
3 158.43965295513902
1 158.47465506396205
2 158.6627219230672
2 158.75788852891444
2 158.79918558017522
0 158.96653640270233
0 159.0565707482125
3 159.25310529388148
0 159.28497343367513
1 159.43965295513902
3 159.47465506396205
1 159.6627219230672
3 159.75788852891444
3 159.79918558017522
3 159.96653640270233
0 160.0565707482125
0 160.25310529388148
3 160.28497343367513
2 160.43965295513902
2 160.47465506396205
2 160.6627219230672
1 160.75788852891444
2 160.79918558017522
3 160.96653640270233
1 161.0565707482125
1 161.25310529388148
2 161.28497343367513
3 161.43965295513902
2 161.47465506396205
2 161.6627219230672
0 161.75788852891444
1 161.79918558017522
1 161.96653640270233
2 162.0565707482125
0 162.25310529388148
3 162.28497343367513
0 162.43965295513902
3 162.47465506396205
2 162.6627219230672
3 162.75788852891444
3 162.79918558017522
2 162.96653640270233
1 163.0565707482125
0 163.25310529388148
1 163.28497343367513
1 163.43965295513902
3 163.47465506396205
2 163.6627219230672
0 163.75788852891444
3 163.79918558017522
0 163.96653640270233
0 164.0565707482125
2 164.25310529388148
3 164.28497343367513
2 164.43965295513902
1 164.47465506396205
2 164.6627219230672
3 164.75788852891444
3 164.79918558017522
2 164.96653640270233
3 165.0565707482125
0 165.25310529388148
0 165.28497343367513
3 165.43965295513902
1 165.47465506396205
3 165.6627219230672
1 165.75788852891444
2 165.79918558017522
1 165.96653640270233
2 166.03346359729767
2 166.14972072839737
1 166.16857185959816
2 166.26007026433945
2 166.28077524900436
0 166.39202344417572
1 166.44831785559654
1 166.4727465212345
0 166.57174044847488
3 166.6978269656499
1 166.95
1 167.32825955152512
3 167.0565707482125
0 167.25310529388148
2 167.28497343367513
2 167.43965295513902
3 167.47465506396205
3 167.6627219230672
0 167.75788852891444
1 167.79918558017522
3 167.96653640270233
1 168.0565707482125
2 168.25310529388148
3 168.28497343367513
0 168.43965295513902
1 168.47465506396205
0 168.6627219230672
3 168.75788852891444
1 168.79918558017522
3 168.96653640270233
3 169.0565707482125
3 169.25310529388148
2 169.28497343367513
0 169.43965295513902
2 169.47465506396205
0 169.6627219230672
0 169.75788852891444
0 169.79918558017522
1 169.96653640270233
3 170.0565707482125
1 170.25310529388148
0 170.28497343367513
3 170.43965295513902
2 170.47465506396205
3 170.6627219230672
2 170.75788852891444
2 170.79918558017522
1 170.96653640270233
0 171.0565707482125
1 171.25310529388148
0 171.28497343367513
1 171.43965295513902
1 171.47465506396205
0 171.6627219230672
2 171.75788852891444
2 171.79918558017522
0 171.96653640270233
2 172.0565707482125
1 172.25310529388148
2 172.28497343367513
0 172.43965295513902
1 172.47465506396205
2 172.6627219230672
0 172.75788852891444
0 172.79918558017522
3 172.96653640270233
2 173.0565707482125
1 173.25310529388148
3 173.28497343367513
1 173.43965295513902
3 173.47465506396205
2 173.6627219230672
3 173.75788852891444
2 173.79918558017522
2 173.96653640270233
1 174.0565707482125
0 174.25310529388148
3 174.28497343367513
2 174.43965295513902
0 174.47465506396205
1 174.6627219230672
0 174.75788852891444
2 174.79918558017522
2 174.96653640270233
3 175.0565707482125
0 175.25310529388148
1 175.28497343367513
1 175.43965295513902
3 175.47465506396205
1 175.6627219230672
2 175.75788852891444
2 175.79918558017522
3 175.96653640270233
3 176.03346359729767
2 176.14972072839737
0 176.16857185959816
3 176.26007026433945
0 176.28077524900436
3 176.39202344417572
3 176.44831785559654
2 176.4727465212345
2 176.57174044847488
0 176.6978269656499
2 176.95
0 177.32825955152512
3 177.0565707482125
3 177.25310529388148
3 177.28497343367513
1 177.43965295513902
3 177.47465506396205
3 177.6627219230672
0 177.75788852891444
1 177.79918558017522
2 177.96653640270233
0 178.0565707482125
2 178.25310529388148
1 178.28497343367513
3 178.43965295513902
2 178.47465506396205
1 178.6627219230672
0 178.75788852891444
2 178.79918558017522
0 178.96653640270233
3 179.0565707482125
1 179.25310529388148
3 179.28497343367513
3 179.43965295513902
0 179.47465506396205
2 179.6627219230672
3 179.75788852891444
2 179.79918558017522
2 179.96653640270233
1 180.0565707482125
1 180.25310529388148
1 180.28497343367513
3 180.43965295513902
1 180.47465506396205
3 180.6627219230672
0 180.75788852891444
1 180.79918558017522
2 180.96653640270233
0 181.0565707482125
1 181.25310529388148
0 181.28497343367513
3 181.43965295513902
1 181.47465506396205
0 181.6627219230672
2 181.75788852891444
2 181.79918558017522
3 181.96653640270233
1 182.0565707482125
1 182.25310529388148
3 182.28497343367513
3 182.43965295513902
0 182.47465506396205
1 182.6627219230672
3 182.75788852891444
1 182.79918558017522
0 182.96653640270233
0 183.0565707482125
3 183.25310529388148
1 183.28497343367513
1 183.43965295513902
1 183.47465506396205
1 183.6627219230672
2 183.75788852891444
1 183.79918558017522
2 183.96653640270233
0 184.03346359729767
0 184.14972072839737
2 184.16857185959816
0 184.26007026433945
0 184.28077524900436
1 184.39202344417572
3 184.44831785559654
0 184.4727465212345
0 184.57174044847488
3 184.6978269656499
1 184.95
3 185.32825955152512
2 185.0565707482125
3 185.25310529388148
1 185.28497343367513
1 185.43965295513902
2 185.47465506396205
3 185.6627219230672
3 185.75788852891444
3 185.79918558017522
0 185.96653640270233
3 186.0565707482125
3 186.25310529388148
0 186.28497343367513
1 186.43965295513902
2 186.47465506396205
2 186.6627219230672
2 186.75788852891444
2 186.79918558017522
3 186.96653640270233
3 187.0565707482125
3 187.25310529388148
2 187.28497343367513
3 187.43965295513902
3 187.47465506396205
3 187.6627219230672
2 187.75788852891444
1 187.79918558017522
3 187.96653640270233
1 188.03346359729767
3 188.14972072839737
3 188.16857185959816
3 188.26007026433945
3 188.28077524900436
3 188.39202344417572
2 188.44831785559654
3 188.4727465212345
3 188.57174044847488
0 188.66630533635617
3 188.85543511211873
1 189.13912977576257
1 189.51738932728767
2 189.0565707482125
2 189.25310529388148
2 189.28497343367513
3 189.43965295513902
0 189.47465506396205
0 189.6627219230672
0 189.75788852891444
2 189.79918558017522
3 189.96653640270233
3 190.0565707482125
1 190.25310529388148
0 190.28497343367513
3 190.43965295513902
1 190.47465506396205
0 190.6627219230672
0 190.75788852891444
0 190.79918558017522
0 190.96653640270233
3 191.0565707482125
1 191.25310529388148
0 191.28497343367513
0 191.43965295513902
0 191.47465506396205
3 191.6627219230672
3 191.75788852891444
0 191.79918558017522
3 191.96653640270233
3 192.0565707482125
2 192.25310529388148
3 192.28497343367513
3 192.43965295513902
2 192.47465506396205
0 192.6627219230672
3 192.75788852891444
0 192.79918558017522
3 192.96653640270233
1 193.0565707482125
3 193.25310529388148
2 193.28497343367513
2 193.43965295513902
1 193.47465506396205
0 193.6627219230672
3 193.75788852891444
0 193.79918558017522
3 193.96653640270233
0 194.0565707482125
0 194.25310529388148
1 194.28497343367513
2 194.43965295513902
0 194.47465506396205
0 194.6627219230672
2 194.75788852891444
1 194.79918558017522
2 194.96653640270233
0 195.0565707482125
2 195.25310529388148
3 195.28497343367513
3 195.43965295513902
3 195.47465506396205
1 195.6627219230672
3 195.75788852891444
3 195.79918558017522
1 195.96653640270233
1 196.0565707482125
3 196.25310529388148
2 196.28497343367513
1 196.43965295513902
3 196.47465506396205
2 196.6627219230672
1 196.75788852891444
2 196.79918558017522
1 196.96653640270233
0 197.0565707482125
3 197.25310529388148
0 197.28497343367513
0 197.43965295513902
2 197.47465506396205
0 197.6627219230672
3 197.75788852891444
3 197.79918558017522
0 197.96653640270233
3 198.0565707482125
1 198.25310529388148
3 198.28497343367513
1 198.43965295513902
2 198.47465506396205
3 198.6627219230672
0 198.75788852891444
3 198.79918558017522
0 198.96653640270233
2 199.0565707482125
2 199.25310529388148
1 199.28497343367513
3 199.43965295513902
3 199.47465506396205
1 199.6627219230672
3 199.75788852891444
3 199.79918558017522
3 199.96653640270233
1 200.0565707482125
3 200.25310529388148
0 200.28497343367513
2 200.43965295513902
1 200.47465506396205
3 200.6627219230672
0 200.75788852891444
2 200.79918558017522
1 200.96653640270233
2 201.0565707482125
3 201.25310529388148
3 201.28497343367513
3 201.43965295513902
3 201.47465506396205
2 201.6627219230672
3 201.75788852891444
2 201.79918558017522
1 201.96653640270233
3 202.0565707482125
3 202.25310529388148
0 202.28497343367513
1 202.43965295513902
0 202.47465506396205
3 202.6627219230672
3 202.75788852891444
2 202.79918558017522
0 202.96653640270233
3 203.0565707482125
1 203.25310529388148
1 203.28497343367513
3 203.43965295513902
1 203.47465506396205
2 203.6627219230672
1 203.75788852891444
1 203.79918558017522
1 203.96653640270233
3 204.0565707482125
3 204.25310529388148
2 204.28497343367513
0 204.43965295513902
0 204.47465506396205
1 204.6627219230672
3 204.75788852891444
3 204.79918558017522
3 204.96653640270233
1 205.0565707482125
3 205.25310529388148
0 205.28497343367513
2 205.43965295513902
0 205.47465506396205
2 205.6627219230672
1 205.75788852891444
3 205.79918558017522
1 205.96653640270233
0 206.03346359729767
3 206.14972072839737
1 206.16857185959816
3 206.26007026433945
0 206.28077524900436
1 206.39202344417572
2 206.44831785559654
2 206.4727465212345
0 206.57174044847488
0 206.6978269656499
0 206.95
3 207.32825955152512
0 207.0565707482125
2 207.25310529388148
2 207.28497343367513
2 207.43965295513902
1 207.47465506396205
3 207.6627219230672
1 207.75788852891444
2 207.79918558017522
3 207.96653640270233
0 208.0565707482125
0 208.25310529388148
0 208.28497343367513
2 208.43965295513902
2 208.47465506396205
1 208.6627219230672
2 208.75788852891444
0 208.79918558017522
3 208.96653640270233
3 209.0565707482125
0 209.25310529388148
1 209.28497343367513
3 209.43965295513902
0 209.47465506396205
0 209.6627219230672
0 209.75788852891444
3 209.79918558017522
0 209.96653640270233
1 210.0565707482125
0 210.25310529388148
3 210.28497343367513
0 210.43965295513902
2 210.47465506396205
3 210.6627219230672
0 210.75788852891444
3 210.79918558017522
1 210.96653640270233
1 211.0565707482125
0 211.25310529388148
0 211.28497343367513
0 211.43965295513902
1 211.47465506396205
3 211.6627219230672
2 211.75788852891444
2 211.79918558017522
3 211.96653640270233
2 212.0565707482125
1 212.25310529388148
0 212.28497343367513
3 212.43965295513902
0 212.47465506396205
2 212.6627219230672
2 212.75788852891444
0 212.79918558017522
0 212.96653640270233
2 213.0565707482125
3 213.25310529388148
2 213.28497343367513
3 213.43965295513902
3 213.47465506396205
2 213.6627219230672
1 213.75788852891444
0 213.79918558017522
0 213.96653640270233
0 214.0565707482125
0 214.25310529388148
2 214.28497343367513
1 214.43965295513902
2 214.47465506396205
3 214.6627219230672
3 214.75788852891444
3 214.79918558017522
2 214.96653640270233
0 215.0565707482125
0 215.25310529388148
2 215.28497343367513
2 215.43965295513902
3 215.47465506396205
3 215.6627219230672
1 215.75788852891444
1 215.79918558017522
3 215.96653640270233
0 216.0565707482125
1 216.25310529388148
1 216.28497343367513
3 216.43965295513902
3 216.47465506396205
0 216.6627219230672
0 216.75788852891444
0 216.79918558017522
2 216.96653640270233
0 217.0565707482125
1 217.25310529388148
0 217.28497343367513
0 217.43965295513902
1 217.47465506396205
0 217.6627219230672
3 217.75788852891444
2 217.79918558017522
0 217.96653640270233
3 218.0565707482125
0 218.25310529388148
1 218.28497343367513
3 218.43965295513902
3 218.47465506396205
2 218.6627219230672
0 218.75788852891444
2 218.79918558017522
0 218.96653640270233
3 219.0565707482125
1 219.25310529388148
0 219.28497343367513
3 219.43965295513902
3 219.47465506396205
0 219.6627219230672
2 219.75788852891444
0 219.79918558017522
3 219.96653640270233
2 220.0565707482125
0 220.25310529388148
0 220.28497343367513
0 220.43965295513902
0 220.47465506396205
3 220.6627219230672
3 220.75788852891444
3 220.79918558017522
0 220.96653640270233
2 221.0565707482125
2 221.25310529388148
1 221.28497343367513
0 221.43965295513902
0 221.47465506396205
0 221.6627219230672
0 221.75788852891444
2 221.79918558017522
1 221.96653640270233
2 222.0565707482125
2 222.25310529388148
3 222.28497343367513
0 222.43965295513902
1 222.47465506396205
1 222.6627219230672
1 222.75788852891444
0 222.79918558017522
0 222.96653640270233
1 223.0565707482125
3 223.25310529388148
2 223.28497343367513
0 223.43965295513902
3 223.47465506396205
2 223.6627219230672
0 223.75788852891444
3 223.79918558017522
0 223.96653640270233
1 224.0565707482125
0 224.25310529388148
1 224.28497338329382
1 224.43965295513902
2 224.47465506396205
2 224.6627219230672
1 224.75788847853312
0 224.79918558017522
2 224.96653640270233
0 225.0565707482125
0 225.25310529388148
2 225.28497338329382
0 225.43965295513902
2 225.47465506396205
2 225.6627219230672
2 225.75788847853312
1 225.79918558017522
3 225.96653640270233
1 226.0565707482125
1 226.25310529388148
0 226.28497338329382
3 226.43965295513902
3 226.47465506396205
0 226.6627219230672
0 226.75788847853312
1 226.79918558017522
2 226.96653640270233
3 227.0565707482125
1 227.25310529388148
3 227.28497338329382
1 227.43965295513902
3 227.47465506396205
1 227.6627219230672
3 227.75788847853312
3 227.79918558017522
3 227.96653640270233
0 228.0565707482125
3 228.25310529388148
1 228.28497338329382
1 228.43965295513902
1 228.47465506396205
2 228.6627219230672
0 228.75788847853312
0 228.79918558017522
3 228.96653640270233
1 229.0565707482125
2 229.25310529388148
0 229.28497338329382
1 229.43965295513902
0 229.47465506396205
0 229.6627219230672
3 229.75788847853312
3 229.79918558017522
3 229.96653640270233
0 230.02919150184522
1 230.23616788603857
3 230.28872599995827
3 230.43322184661787
3 230.47307125723532
3 230.67822416740458
0 230.7674153407002
2 230.81096603209218
1 230.98333352990448
