title
artist
163 60 3.5
1 1.1070273146033287
2 1.2000779062509537
2 1.354389250278473
0 1.486874669790268
2 1.6023115515708923
0 1.717007339000702
3 2.110892854630947
3 2.1967375576496124
1 2.3582999408245087
0 2.4892531037330627
2 2.6047561168670654
2 2.7246490716934204
3 3.0774042829871178
0 3.186124876141548
1 3.3075418174266815
1 3.47260782122612
1 3.586332857608795
0 3.6720662713050842
0 4.093665264546871
1 4.192531198263168
2 4.328469336032867
0 4.481618195772171
3 4.595259606838226
3 4.694089591503143
1 5.0947714522480965
3 5.192300334572792
3 5.329814434051514
1 5.481345355510712
0 5.5951061844825745
3 5.69427490234375
0 6.090290375053883
1 6.191469386219978
1 6.324347615242004
1 6.478968769311905
0 6.592596769332886
0 6.688032865524292
1 7.096504606306553
2 7.192529514431953
1 7.331975728273392
3 7.482613503932953
3 7.594372749328613
2 7.694901704788208
0 8.089158080518246
2 8.192100897431374
2 8.32177597284317
3 8.477664291858673
1 8.592119753360748
2 8.687070548534393
2 9.092036105692387
0 9.19146429002285
1 9.3287113904953
2 9.481423944234848
2 9.596774697303772
2 9.695512056350708
3 10.09045322984457
1 10.191883757710457
1 10.325299978256226
2 10.479726880788803
3 10.594122350215912
0 10.68962424993515
3 11.093974344432354
3 11.19157761335373
3 11.328448861837387
3 11.481398791074753
3 11.594322800636292
0 11.691428005695343
3 12.092511631548405
1 12.192792266607285
2 12.327602803707123
2 12.478984504938126
2 12.592654645442963
0 12.690464615821838
1 13.090508408844471
2 13.191314309835434
1 13.324790060520172
1 13.479861199855804
2 13.594189643859863
1 13.689193308353424
3 14.091431461274624
1 14.191963851451874
2 14.327835887670517
3 14.480705678462982
1 14.594886302947998
3 14.69177395105362
2 15.095568649470806
3 15.192534118890762
0 15.334119886159897
1 15.483603775501251
1 15.59678065776825
3 15.696623384952545
3 16.093293957412243
3 16.192080199718475
3 16.329360902309418
0 16.480534583330154
0 16.595086812973022
0 16.696141481399536
3 17.0924279615283
3 17.191905185580254
0 17.329401582479477
3 17.481920689344406
2 17.595338702201843
2 17.693073511123657
2 18.089954055845737
0 18.191515609622
1 18.325156301259995
2 18.479855000972748
3 18.595709562301636
1 18.692276656627655
0 19.096146903932095
3 19.192493304610252
0 19.3355473279953
1 19.484240293502808
0 19.59822714328766
1 19.69920462369919
2 20.093943990767002
0 20.192533001303673
0 20.333818465471268
2 20.48375028371811
3 20.598998188972473
3 20.6984925866127
0 21.09638298302889
2 21.192207247018814
1 21.33364975452423
3 21.48386412858963
1 21.598030388355255
1 21.699361860752106
3 22.08556243032217
0 22.19075234234333
2 22.32240578532219
2 22.476465970277786
3 22.59507018327713
2 22.691388309001923
2 23.096521101891994
3 23.192988201975822
1 23.334591448307037
0 23.483283311128616
0 23.59737640619278
1 23.69871437549591
2 24.099443219602108
0 24.192294001579285
3 24.334860146045685
0 24.48401376605034
3 24.59958565235138
3 24.706749379634857
2 25.088933043181896
3 25.191059440374374
3 25.326746433973312
1 25.47905495762825
0 25.596771359443665
1 25.69520741701126
0 26.09443574398756
3 26.19410416483879
1 26.331983029842377
0 26.48229828476906
3 26.59340912103653
0 26.694261729717255
3 27.094239942729473
2 27.192618504166603
1 27.32957249879837
3 27.483023166656494
1 27.598015010356903
2 27.699528634548187
2 28.082196466624737
1 28.191128820180893
0 28.317131966352463
2 28.477897852659225
0 28.592182159423828
3 28.683333694934845
3 29.090340815484524
0 29.19220581650734
2 29.325516134500504
3 29.479105681180954
3 29.593479335308075
2 29.69192224740982
3 30.09996884316206
3 30.192848667502403
0 30.338851630687714
0 30.48647129535675
3 30.598431527614594
1 30.698634326457977
1 31.09875527769327
3 31.19214676320553
3 31.335360914468765
1 31.483927458524704
2 31.598537981510162
3 31.70137768983841
3 32.0892274454236
0 32.192094042897224
0 32.325379222631454
2 32.47899967432022
1 32.59441387653351
2 32.69177895784378
3 33.099558882415295
1 33.19367900490761
3 33.33980306982994
1 33.48584255576134
2 33.597337424755096
3 33.70539444684982
2 34.08927113562822
1 34.19110396504402
3 34.327187299728394
1 34.4789674282074
2 34.59536164999008
0 34.690886437892914
2 35.077237106859684
2 35.1885901093483
0 35.311234414577484
0 35.47386592626572
3 35.58950078487396
3 35.678404331207275
2 36.09006931632757
0 36.19149902462959
2 36.32755383849144
2 36.48068079352379
0 36.59892839193344
2 36.698377430438995
2 37.0958978459239
3 37.193940073251724
3 37.32805606722832
2 37.48092418909073
1 37.602873742580414
2 37.70978420972824
2 38.10198996216059
0 38.19285550713539
1 38.342030972242355
0 38.48706030845642
2 38.59814232587814
2 38.7004434466362
1 39.103160716593266
2 39.195051088929176
1 39.34479594230652
1 39.486013650894165
0 39.59386503696442
3 39.70001882314682
3 40.08451550453901
0 40.190350368618965
3 40.31378346681595
1 40.473140835762024
0 40.58781659603119
1 40.67855793237686
3 41.09774472564459
3 41.19254183769226
2 41.33414739370346
3 41.48329654335976
1 41.5943329334259
1 41.693952202796936
1 42.09215175360441
1 42.18908371031284
1 42.32690078020096
0 42.48101994395256
3 42.591511726379395
3 42.68703454732895
0 43.097644828259945
1 43.19328348338604
0 43.33427122235298
3 43.482867270708084
2 43.5956871509552
0 43.697828471660614
1 44.09568988531828
2 44.19212907552719
0 44.3318772315979
3 44.4832638502121
0 44.59576904773712
3 44.694175243377686
0 45.09621515125036
1 45.194191202521324
1 45.33225774765015
1 45.489552706480026
2 45.598111629486084
0 45.692830204963684
3 46.10278911143541
0 46.193603813648224
0 46.343405306339264
0 46.48569402098656
0 46.59797602891922
1 46.70490974187851
0 47.094809018075466
3 47.19285948574543
1 47.33127176761627
1 47.48242035508156
3 47.59589749574661
1 47.69602853059769
3 48.098789267241955
1 48.19127094745636
3 48.335567474365234
1 48.48423185944557
0 48.59703665971756
0 48.69485539197922
3 49.094506941735744
2 49.192998722195625
0 49.33040478825569
2 49.48054674267769
2 49.59192246198654
2 49.69433468580246
3 50.094628505408764
0 50.19156914949417
0 50.330180048942566
1 50.48270916938782
2 50.59393668174744
0 50.69057434797287
3 51.10107973963022
1 51.1930375546217
2 51.33940890431404
2 51.48428675532341
3 51.59653550386429
1 51.70072489976883
2 52.08075933903456
3 52.188895896077156
2 52.31134533882141
3 52.47723197937012
0 52.58997821807861
1 52.67982405424118
3 53.09385748952627
0 53.19218409061432
3 53.33167877793312
1 53.48198342323303
1 53.59492439031601
1 53.69664716720581
2 54.095905877649784
3 54.193922370672226
3 54.33509016036987
2 54.48249641060829
3 54.593885719776154
1 54.69686657190323
1 55.085671342909336
3 55.19155143201351
0 55.31518816947937
1 55.47453394532204
1 55.59032338857651
1 55.68302643299103
2 56.1052605882287
3 56.1939502954483
1 56.34459939599037
3 56.48960366845131
1 56.5985147356987
3 56.69996553659439
2 57.105279289186
3 57.193775072693825
1 57.3501892387867
0 57.486742436885834
2 57.59665900468826
0 57.7033012509346
3 58.1051579490304
0 58.194910153746605
0 58.34697541594505
3 58.487409085035324
1 58.597248792648315
0 58.70706182718277
3 59.10203140228987
2 59.19177061319351
1 59.34086358547211
3 59.48783639073372
3 59.59659802913666
0 59.693120777606964
0 60.091118060052395
0 60.18991421163082
3 60.32097339630127
1 60.48499244451523
3 60.58992677927017
3 60.68063932657242
3 61.10021799057722
1 61.19375033676624
3 61.33688819408417
0 61.48484522104263
1 61.59312838315964
1 61.696336448192596
3 62.09403183311224
1 62.192602440714836
3 62.32886275649071
2 62.48154044151306
0 62.59277492761612
2 62.69047671556473
3 63.09375201910734
1 63.19248642027378
2 63.328248769044876
0 63.48201775550842
1 63.59516441822052
3 63.69229966402054
2 64.0922737494111
1 64.19204303622246
0 64.32579591870308
1 64.47919502854347
1 64.59270691871643
2 64.69079905748367
0 65.08885600417852
0 65.1931614279747
0 65.31989294290543
3 65.48387679457664
0 65.5934424996376
3 65.68652659654617
0 66.09865621477365
2 66.19260537624359
0 66.33387017250061
2 66.48447248339653
2 66.59590697288513
2 66.69437980651855
2 67.09816656261683
1 67.19287404417992
2 67.33493861556053
1 67.48332646489143
2 67.59447067975998
1 67.69532376527786
3 68.09439262002707
1 68.19186210632324
1 68.32931211590767
3 68.48124450445175
3 68.59630185365677
0 68.69518476724625
1 69.10353360325098
2 69.19353552162647
0 69.34345397353172
1 69.48694631457329
3 69.59502667188644
1 69.70051300525665
1 70.10162920504808
2 70.1917483061552
3 70.34106010198593
1 70.48598185181618
2 70.5958880186081
2 70.69664961099625
0 71.10176383703947
2 71.19057068228722
3 71.34168350696564
0 71.48599669337273
0 71.59663164615631
2 71.70008528232574
2 72.0978578850627
3 72.19346238672733
3 72.34100741147995
3 72.481394469738
1 72.59186738729477
1 72.70451372861862
1 73.09446380287409
2 73.19287164509296
2 73.3288508951664
0 73.48142620921135
0 73.59599262475967
2 73.69709718227386
0 74.09987881034613
1 74.19394804537296
3 74.33685079216957
3 74.48510500788689
1 74.59542274475098
1 74.69633692502975
1 75.10086228698492
2 75.1933359503746
0 75.33312624692917
3 75.48510181903839
3 75.5988798737526
3 75.70432966947556
0 76.09457030147314
1 76.1933855265379
3 76.32797023653984
3 76.48142942786217
3 76.59553003311157
3 76.69634944200516
1 77.09579361230135
0 77.19241863489151
2 77.33274799585342
0 77.48382186889648
2 77.59625917673111
2 77.6954614520073
1 78.09825468808413
1 78.19149340689182
1 78.33670857548714
3 78.48362275958061
0 78.59416282176971
3 78.6960518360138
2 79.09305616468191
0 79.19082772731781
0 79.32926213741302
2 79.48243007063866
3 79.59620755910873
1 79.69164144992828
0 80.09178281575441
0 80.19198608398438
3 80.32773479819298
0 80.47948524355888
1 80.59577775001526
3 80.69535607099533
3 81.09141930192709
0 81.19168981909752
1 81.32732984423637
1 81.48038148880005
3 81.5951098203659
1 81.69269174337387
2 82.09139437228441
1 82.19166506826878
1 82.32728055119514
3 82.48102298378944
1 82.59591543674469
0 82.69396072626114
1 83.08511970192194
1 83.19117242097855
1 83.31929278373718
0 83.47541138529778
0 83.59276354312897
3 83.68716841936111
3 84.09045953303576
0 84.19250224530697
3 84.3252671957016
2 84.4797445833683
0 84.59469437599182
3 84.69282919168472
3 85.09024948626757
3 85.19187171757221
1 85.32574436068535
0 85.47936573624611
3 85.59543216228485
2 85.69223123788834
2 86.09265523403883
1 86.19208274781704
0 86.32704111933708
0 86.48099228739738
3 86.59416401386261
2 86.6918967962265
2 87.09112336486578
3 87.1918867379427
0 87.32781258225441
3 87.48049998283386
0 87.59458827972412
2 87.68986582756042
1 88.09323222190142
1 88.19163060188293
0 88.33028587698936
0 88.48184156417847
2 88.59619688987732
0 88.69461041688919
3 89.09256332367659
2 89.19169154763222
3 89.33095526695251
0 89.48192977905273
1 89.59615159034729
3 89.69428426027298
2 90.09421130269766
1 90.19242085516453
2 90.33189958333969
1 90.48271542787552
3 90.59592419862747
1 90.69450503587723
2 91.0908984169364
2 91.19208863377571
3 91.32656800746918
0 91.47947588562965
0 91.59437161684036
2 91.69346708059311
1 92.09443085640669
0 92.19224014878273
0 92.3317040503025
2 92.4824138879776
3 92.59577995538712
3 92.69475620985031
3 93.09235528856516
2 93.19201564788818
0 93.32864373922348
0 93.48131287097931
0 93.5968211889267
3 93.6949171423912
3 94.09594156593084
1 94.1923373490572
3 94.33548697829247
2 94.48453226685524
1 94.59942507743835
3 94.70064228773117
3 95.08927238732576
1 95.19147853553295
3 95.32820290327072
2 95.48044872283936
0 95.59573131799698
3 95.6927330493927
1 96.09278350323439
1 96.19175080955029
1 96.32980915904045
3 96.48190259933472
3 96.59508168697357
3 96.6933736205101
1 97.09927006810904
2 97.19311884045601
0 97.33942091464996
1 97.48606193065643
0 97.60088431835175
2 97.7052618265152
1 98.09467772394419
2 98.19207970798016
0 98.33250293135643
1 98.48330107331276
2 98.59613287448883
3 98.69504380226135
1 99.09646537154913
3 99.19263017177582
2 99.33218890428543
1 99.48354735970497
2 99.59725123643875
1 99.69934004545212
1 100.09605251997709
1 100.19248382747173
2 100.33601155877113
3 100.48307064175606
1 100.59428125619888
0 100.69644570350647
1 101.08860395103693
1 101.19115102291107
3 101.32374057173729
0 101.47906032204628
3 101.59297633171082
2 101.68910783529282
0 102.09242240339518
1 102.19286826252937
3 102.32766512036324
3 102.48110893368721
2 102.59501481056213
0 102.6945977807045
1 103.08527591079473
0 103.19038970768452
3 103.32021233439445
3 103.47564727067947
0 103.59208923578262
3 103.68582439422607
2 104.0941634401679
1 104.19197508692741
0 104.3325437605381
3 104.48337706923485
3 104.59777271747589
3 104.6980009675026
2 105.0998305901885
1 105.19359189271927
3 105.33412635326385
3 105.48373147845268
1 105.59849464893341
3 105.70348817110062
1 106.09543804079294
3 106.19242930412292
0 106.33170852065086
3 106.48311579227448
3 106.59457039833069
2 106.69302260875702
2 107.08820324391127
3 107.1916545778513
0 107.32253995537758
0 107.4782223701477
2 107.59227812290192
2 107.68668335676193
1 108.09925588220358
1 108.19384576380253
1 108.33764752745628
1 108.4843647480011
1 108.59691482782364
1 108.70039016008377
1 109.08358380943537
2 109.19026811420918
3 109.32195568084717
2 109.4744100868702
0 109.5940654873848
2 109.68700259923935
1 110.0899001583457
0 110.19051332771778
2 110.3245759010315
1 110.48258453607559
1 110.59396255016327
0 110.68486315011978
3 111.09563904255629
3 111.19310656189919
2 111.33233904838562
1 111.48221358656883
3 111.59738177061081
0 111.69897645711899
1 112.09751033037901
1 112.19327257573605
2 112.33487910032272
2 112.48400902748108
3 112.59733533859253
3 112.7008889913559
0 113.10856323689222
2 113.19049254059792
3 113.35941925644875
0 113.48845502734184
1 113.59919583797455
3 113.70542961359024
0 114.09244736284018
1 114.19207808375359
2 114.32775899767876
0 114.48051032423973
0 114.59192645549774
3 114.68869644403458
3 115.09928924590349
3 115.19324514269829
2 115.33424624800682
3 115.48324286937714
3 115.5985677242279
2 115.70258229970932
3 116.10111504048109
0 116.19363942742348
2 116.33765310049057
1 116.48425835371017
0 116.59580385684967
3 116.69824653863907
2 117.09619014710188
3 117.19278682768345
2 117.33170127868652
3 117.48246541619301
0 117.5922759771347
3 117.6925875544548
3 118.08487262576818
1 118.19128613173962
0 118.31517255306244
2 118.47381696105003
1 118.58934074640274
2 118.68106657266617
0 119.09891822189093
1 119.19303078949451
2 119.33438095450401
0 119.48606729507446
0 119.59581416845322
2 119.6940529346466
1 120.09851620346308
3 120.19340620934963
0 120.33499601483345
0 120.48751711845398
2 120.59696871042252
0 120.69412499666214
3 121.0973871871829
2 121.19238875806332
0 121.33585622906685
1 121.48408326506615
1 121.59661799669266
1 121.70003032684326
3 122.09325584024191
3 122.19251507520676
3 122.33008334040642
3 122.48246696591377
3 122.59524267911911
0 122.69322580099106
2 123.09917866438627
0 123.19085305929184
3 123.33384734392166
0 123.48251888155937
2 123.59818196296692
0 123.69898599386215
2 124.09519913047552
2 124.19306854903698
1 124.33021104335785
0 124.48162797093391
3 124.59330642223358
0 124.69530934095383
0 125.1006345525384
2 125.19310480356216
1 125.34169453382492
1 125.48615211248398
0 125.59679752588272
3 125.69918495416641
3 126.09559693187475
1 126.1936265528202
3 126.33111727237701
0 126.48220187425613
2 126.5955485701561
0 126.69737631082535
0 127.10327257961035
0 127.1940798908472
3 127.3468945324421
3 127.48575177788734
1 127.5958491563797
3 127.70187026262283
0 128.1033572629094
3 128.19369979202747
2 128.3435894548893
2 128.486022233963
1 128.59646081924438
2 128.70025104284286
2 129.09542804211378
3 129.19431254267693
0 129.33277282118797
3 129.48152834177017
2 129.59465873241425
3 129.70148062705994
0 130.1000410541892
2 130.19273403286934
2 130.3355333507061
3 130.48407405614853
2 130.5961907505989
3 130.6972159743309
1 131.09474512189627
3 131.19259689748287
2 131.32867255806923
3 131.48128360509872
1 131.5932513475418
2 131.69299226999283
2 132.1053919121623
0 132.19411319494247
2 132.34158247709274
2 132.48689156770706
2 132.59935688972473
3 132.70807248353958
1 133.10077326744795
0 133.19472633302212
3 133.3406355381012
3 133.48484966158867
1 133.59575927257538
1 133.70393878221512
1 134.09328638762236
2 134.1923620402813
2 134.3259860575199
2 134.4806151986122
1 134.59196382761002
1 134.68902719020844
3 135.10706163197756
0 135.19169349968433
3 135.34554067254066
2 135.4892860352993
2 135.60002654790878
2 135.70269453525543
1 136.10941878706217
2 136.19419039785862
3 136.36496591567993
3 136.48965084552765
1 136.60537707805634
1 136.71594780683517
3 137.10619778186083
3 137.1971782296896
1 137.35723051428795
3 137.48169746994972
1 137.6034700870514
2 137.7194064259529
2 138.10397242754698
2 138.1974986642599
1 138.35100170969963
2 138.47970458865166
1 138.5999899506569
3 138.71210712194443
1 139.10583624988794
1 139.19649700820446
0 139.3602792918682
1 139.47552621364594
1 139.60521125793457
0 139.72606617212296
1 140.10539133101702
2 140.19440539181232
1 140.3597218990326
3 140.47073251008987
2 140.60845911502838
2 140.7272527217865
0 141.10826828330755
3 141.1944194585085
3 141.3602469265461
3 141.46659523248672
2 141.61304831504822
1 141.73128026723862
3 142.1131519600749
2 142.1920403689146
3 142.36942237615585
3 142.4735408425331
1 142.6175481081009
0 142.73291528224945
2 143.09880425781012
2 143.19418312609196
0 143.35125017166138
1 143.47728338837624
2 143.59552121162415
3 143.71499860286713
3 144.098263643682
0 144.19300398230553
3 144.33908650279045
3 144.48299059271812
0 144.59135711193085
2 144.69910031557083
3 145.10026701539755
1 145.19289679825306
3 145.33953282237053
2 145.48543575406075
2 145.5963197350502
0 145.69793593883514
0 146.09290768951178
3 146.19231107831
2 146.32467171549797
0 146.48148915171623
2 146.5951497554779
0 146.69243961572647
1 147.09156178683043
1 147.1944281309843
0 147.32874631881714
3 147.47823572158813
1 147.5909405350685
0 147.69970911741257
1 148.0994487926364
2 148.19333890080452
0 148.33506932854652
3 148.48341172933578
3 148.59481573104858
1 148.69710141420364
2 149.09349069744349
0 149.19231843948364
0 149.32777473330498
2 149.47992649674416
1 149.59351354837418
0 149.69163101911545
0 150.10008228570223
3 150.1937129497528
3 150.3374693095684
3 150.4844942688942
2 150.59457170963287
3 150.6975125670433
2 151.09221728891134
1 151.1923653781414
0 151.3266770541668
1 151.47916647791862
1 151.59098333120346
0 151.69076359272003
2 152.09343523532152
1 152.1922793239355
1 152.32957899570465
0 152.48248171806335
0 152.59605240821838
3 152.69374591112137
1 153.10012904554605
2 153.1931954473257
1 153.33947485685349
1 153.4845406115055
2 153.59591495990753
1 153.702068567276
0 154.0894442424178
3 154.1915621459484
3 154.32275891304016
1 154.47644302248955
3 154.59053325653076
1 154.68733566999435
2 155.10094048827887
3 155.1938026100397
0 155.3374333679676
0 155.48612678050995
2 155.59692203998566
1 155.69690239429474
0 156.09742807596922
1 156.19312319159508
1 156.33573067188263
2 156.48416754603386
1 156.59558659791946
0 156.697707593441
1 157.09966219216585
1 157.19348287582397
2 157.33650451898575
3 157.48519638180733
3 157.59716004133224
1 157.69825893640518
2 158.0988284125924
2 158.1916288882494
1 158.33620125055313
2 158.48535111546516
1 158.59655952453613
3 158.69571393728256
0 159.09182059019804
2 159.19186897575855
1 159.32732301950455
2 159.48180842399597
1 159.59437602758408
1 159.69037574529648
3 160.09441145509481
0 160.1924139112234
2 160.33120840787888
2 160.4819439947605
3 160.59511077404022
1 160.6959012746811
0 161.08328653126955
3 161.1900588721037
2 161.3156675696373
3 161.47431001067162
0 161.58904004096985
3 161.6818533539772
3 162.09560560435057
1 162.19266173243523
2 162.32993885874748
1 162.48339515924454
3 162.5953129529953
2 162.69231593608856
0 163.08915931731462
0 163.19125731289387
0 163.32216829061508
1 163.48144766688347
0 163.59371346235275
1 163.68838995695114
3 164.0866547897458
3 164.19127890467644
3 164.31586381793022
1 164.47129914164543
2 164.5866664648056
2 164.67884892225266
3 165.09467255324125
1 165.1922717988491
0 165.32907265424728
3 165.48296853899956
3 165.593092918396
0 165.68914502859116
3 166.09135019034147
1 166.19213481247425
3 166.32606211304665
1 166.47895511984825
2 166.5922995209694
2 166.69165575504303
3 167.0973608866334
1 167.19254659116268
1 167.33416718244553
0 167.48397961258888
0 167.5973480939865
2 167.69887679815292
1 168.0946215465665
2 168.19208876788616
1 168.33152082562447
1 168.48237228393555
2 168.59511005878448
2 168.69321715831757
2 169.0916991904378
3 169.19266818463802
2 169.32673081755638
3 169.48046827316284
0 169.5944528579712
2 169.69131553173065
3 170.0935484394431
0 170.1916834563017
0 170.32833167910576
2 170.4813743531704
2 170.59391963481903
2 170.69144409894943
1 171.0960909947753
0 171.19292862713337
2 171.33438730239868
1 171.482705026865
0 171.5945102572441
3 171.69458335638046
0 172.09332969039679
1 172.19184732437134
3 172.326357960701
3 172.477323025465
2 172.58985424041748
1 172.68839025497437
2 173.1026193127036
2 173.1942606419325
2 173.34525588154793
0 173.48677903413773
2 173.59552401304245
1 173.7062322497368
3 174.10059577971697
0 174.1945370733738
3 174.3403607904911
3 174.48449590802193
3 174.59419637918472
1 174.70080095529556
3 175.08707980066538
3 175.19013515114784
1 175.3188619017601
1 175.479440420866
1 175.59232312440872
2 175.6837552189827
2 176.09887362271547
3 176.19346922636032
2 176.33603727817535
0 176.48393747210503
0 176.59565287828445
1 176.69950300455093
3 177.0842399969697
0 177.19182635843754
1 177.31483900547028
0 177.47029489278793
0 177.5865529179573
0 177.67999917268753
3 178.09955187886953
3 178.19395756721497
1 178.33806508779526
0 178.48460924625397
1 178.5962609052658
2 178.70261412858963
0 179.0982724800706
0 179.19221311807632
2 179.3355143070221
1 179.48440498113632
0 179.59537613391876
0 179.6949387192726
3 180.09099047631025
0 180.19081151485443
0 180.32501083612442
1 180.4814950823784
3 180.5944595336914
1 180.69133216142654
3 181.10461073368788
1 181.19467951357365
2 181.34743815660477
3 181.4847799539566
3 181.596597969532
3 181.70640295743942
3 182.09037955850363
1 182.19084525108337
3 182.32356399297714
2 182.47925677895546
2 182.59066474437714
2 182.6876658797264
0 183.088775716722
2 183.19235426187515
0 183.32072150707245
3 183.4765111207962
1 183.5887934565544
0 183.68420845270157
0 184.11076601594687
1 184.192540705204
0 184.3609926700592
0 184.49159172177315
2 184.60085421800613
3 184.71145582199097
3 185.09714763611555
2 185.19026559591293
1 185.3335828781128
0 185.48520734906197
1 185.5963894724846
2 185.69114869832993
2 186.09897737950087
2 186.19345584511757
1 186.3366536796093
1 186.48330083489418
1 186.59515190124512
0 186.69919192790985
2 187.0808493718505
0 187.18876385688782
0 187.31129238009453
1 187.4749422967434
2 187.589590549469
2 187.6805643439293
3 188.10173948854208
2 188.19360554218292
2 188.34063756465912
1 188.48446866869926
2 188.59584999084473
3 188.6994131207466
3 189.10375843197107
1 189.19529755413532
0 189.35260197520256
2 189.48423397541046
3 189.5949285030365
3 189.71430653333664
1 190.0977845415473
1 190.19189657270908
1 190.334927380085
0 190.48547264933586
2 190.595537006855
3 190.69064658880234
2 191.0890232399106
1 191.1912172138691
3 191.32513600587845
3 191.48026916384697
0 191.58804059028625
0 191.690933406353
2 192.09747933596373
0 192.19357272982597
1 192.3365708887577
2 192.48270082473755
2 192.59287828207016
2 192.69818419218063
3 193.1000558063388
3 193.1942811012268
0 193.3391318321228
2 193.48496162891388
3 193.5944834947586
0 193.6992465853691
1 194.0910935625434
2 194.1923970580101
2 194.3242056965828
2 194.47987926006317
2 194.5926280617714
0 194.68802517652512
2 195.0979402437806
2 195.1932232528925
1 195.33560839295387
3 195.48298978805542
2 195.59345519542694
2 195.6962604522705
0 196.1054730936885
3 196.19471099972725
1 196.3488463461399
0 196.48872616887093
0 196.59751731157303
2 196.7108588218689
3 197.0958392843604
0 197.19294574856758
3 197.33285322785378
3 197.48163869976997
0 197.59232264757156
3 197.69494408369064
2 198.09883738309145
1 198.19379696249962
2 198.33675888180733
1 198.48364993929863
3 198.59434509277344
2 198.69667595624924
0 199.10439040511847
2 199.19265104830265
3 199.34349006414413
3 199.48830053210258
1 199.59655398130417
3 199.69856441020966
3 200.10478850454092
2 200.1940875351429
1 200.34883898496628
1 200.4857600927353
1 200.59641349315643
1 200.70760053396225
1 201.09629837423563
3 201.19230936467648
2 201.33166977763176
0 201.4838119149208
3 201.5934094786644
2 201.69250982999802
3 202.10014616698027
0 202.1935141980648
0 202.33931297063828
0 202.4843024611473
3 202.5942603945732
1 202.6971362233162
0 203.10077162832022
3 203.1927823573351
2 203.34153774380684
2 203.48550707101822
3 203.59396541118622
0 203.69976037740707
3 204.0979114845395
3 204.19338378310204
0 204.33461439609528
0 204.4820720255375
3 204.5944932103157
2 204.6969912648201
0 205.0976817831397
1 205.19257682561874
1 205.33383572101593
2 205.48499903082848
0 205.59460258483887
0 205.69147109985352
3 206.10490413755178
0 206.1936378777027
2 206.34686651825905
3 206.4870980679989
3 206.59638833999634
0 206.70465636253357
0 207.09947978705168
0 207.19234108924866
2 207.33204326033592
3 207.48771396279335
2 207.5940479040146
1 207.68637710809708
2 208.0997916534543
1 208.19288909435272
2 208.33673426508904
0 208.4849809408188
0 208.596049785614
1 208.6977424621582
3 209.09577096253633
3 209.1924211680889
0 209.33295825123787
2 209.48207965493202
0 209.59271878004074
2 209.69463962316513
0 210.09535007923841
1 210.19219820201397
1 210.3314872086048
1 210.4835653603077
3 210.59627616405487
1 210.69432801008224
2 211.09418039768934
3 211.19190530478954
0 211.33131006360054
0 211.48240122199059
0 211.59544521570206
2 211.69345742464066
2 212.0957778468728
1 212.19330929219723
3 212.33333417773247
2 212.48190838098526
1 212.59409630298615
2 212.69604390859604
0 213.0956798121333
0 213.19316525757313
2 213.331386834383
2 213.4822252690792
0 213.59439772367477
0 213.6955390572548
2 214.09353163093328
3 214.19249066710472
0 214.32865118980408
2 214.48023796081543
3 214.59443283081055
2 214.693838596344
1 215.09327115863562
1 215.19219532608986
0 215.32854336500168
0 215.481150329113
1 215.59536057710648
0 215.69383066892624
1 216.09615490585566
2 216.19237357378006
3 216.3326189815998
2 216.48365408182144
1 216.59642952680588
1 216.69523626565933
3 217.09359843283892
1 217.19294525682926
0 217.32855340838432
0 217.4810374379158
1 217.59223771095276
1 217.69132113456726
2 218.09311094135046
3 218.19231209158897
0 218.32992747426033
1 218.47992050647736
1 218.59295350313187
1 218.69295853376389
2 219.09398942440748
2 219.19196014106274
1 219.32983687520027
3 219.48285859823227
1 219.59648817777634
2 219.69404083490372
3 220.08907786756754
0 220.19248239696026
3 220.32300558686256
3 220.47860020399094
0 220.59296536445618
2 220.68808907270432
0 221.09695325046778
0 221.19281512498856
3 221.3343600332737
1 221.48306247591972
3 221.59581857919693
2 221.69593673944473
3 222.09641037136316
0 222.1922188848257
1 222.3323805630207
2 222.48320600390434
3 222.5947152376175
3 222.6936678290367
0 223.09361489862204
2 223.19241905212402
1 223.32895690202713
3 223.4818531870842
0 223.59446388483047
2 223.69240868091583
1 224.09124874323606
2 224.19212399423122
1 224.32477861642838
3 224.47910648584366
1 224.59402239322662
3 224.69139057397842
2 225.09307815879583
0 225.19223600625992
1 225.32764759659767
3 225.48028379678726
0 225.5944446325302
1 225.69400346279144
3 226.09777387231588
1 226.19345937669277
2 226.33646288514137
2 226.48424580693245
2 226.59580498933792
1 226.69912230968475
2 227.10576035827398
2 227.19388034939766
1 227.34764662384987
2 227.48930978775024
1 227.59970277547836
0 227.70637089014053
2 228.10620353370905
3 228.19388464093208
0 228.3497121334076
2 228.48991259932518
2 228.5990191102028
1 228.70812052488327
3 229.10650294274092
2 229.19559963047504
3 229.35252851247787
0 229.49070411920547
1 229.59908372163773
3 229.70882886648178
3 230.10321184247732
2 230.1960565596819
1 230.3474946320057
2 230.48850855231285
0 230.60018002986908
2 230.70791202783585
0 231.09687278419733
0 231.19671393930912
2 231.3408960402012
1 231.4833964407444
1 231.60214918851852
0 231.70653545856476
3 232.0920393243432
2 232.19428047537804
2 232.34221497178078
3 232.48245361447334
3 232.60340523719788
2 232.70471209287643
2 233.0902000144124
0 233.19332912564278
0 233.3446238040924
0 233.4817794561386
3 233.60208517313004
1 233.7044627070427
0 234.08394151180983
3 234.19203017652035
1 234.34150537848473
0 234.47834888100624
3 234.5998706817627
0 234.70181041955948
0 235.01939882338047
1 235.04818142578006
2 235.1159641519189
3 235.21357730031013
1 235.29498472809792
