title
artist
123 30 3.5
2 0.30287396907806396
3 0.3117591142654419
0 1.0887676551938057
2 1.1912816911935806
1 1.328711450099945
3 1.4782752096652985
0 1.5922077298164368
1 1.6904353499412537
0 2.1052995547652245
2 2.196313425898552
3 2.351342052221298
0 2.483896702528
0 2.6016526222229004
0 2.707062602043152
2 3.098211608827114
3 3.1924356818199158
1 3.3425445556640625
0 3.4861365258693695
0 3.59917813539505
3 3.6988081336021423
2 4.0993088111281395
2 4.195410653948784
2 4.34200394153595
1 4.482241600751877
1 4.599281668663025
1 4.702829897403717
0 5.099670343101025
0 5.192248702049255
0 5.345248848199844
2 5.4870507419109344
1 5.601466178894043
1 5.7048287987709045
1 6.101026616990566
0 6.196153566241264
2 6.347618281841278
2 6.485804229974747
2 6.599547505378723
3 6.709991037845612
2 7.101529575884342
1 7.1931411921978
0 7.346718281507492
1 7.488739371299744
3 7.601932048797607
2 7.703038990497589
0 8.096772067248821
2 8.193194165825844
3 8.350441724061966
2 8.482221692800522
3 8.589466452598572
0 8.70457923412323
1 9.071672193706036
0 9.184841215610504
1 9.301659226417542
2 9.470426440238953
3 9.586570501327515
1 9.669866740703583
2 10.084726892411709
2 10.191921576857567
2 10.320631086826324
1 10.476986199617386
1 10.59405791759491
2 10.690638482570648
2 11.085868500173092
0 11.190408661961555
1 11.32946291565895
1 11.47949829697609
3 11.597862601280212
0 11.696147501468658
2 12.081937082111835
2 12.192643404006958
0 12.317115515470505
1 12.47345620393753
0 12.592017412185669
1 12.68515920639038
2 13.09289913624525
3 13.192620769143105
3 13.334302216768265
1 13.483926564455032
1 13.599194645881653
3 13.697972416877747
1 14.07555017620325
3 14.18936176598072
1 14.31181287765503
0 14.47595426440239
3 14.593754291534424
0 14.682113766670227
0 15.083143584430218
1 15.192505195736885
1 15.319085508584976
1 15.474058717489243
3 15.58643352985382
3 15.687943696975708
0 16.081368558108807
0 16.194340080022812
1 16.315203547477722
3 16.461815416812897
0 16.572824895381927
3 16.678968966007233
0 17.104822777211666
2 17.195004358887672
1 17.344914883375168
3 17.485896408557892
3 17.595784783363342
2 17.707929015159607
2 18.088697619736195
0 18.194292068481445
1 18.323090374469757
0 18.477001041173935
3 18.58651328086853
0 18.698276698589325
2 19.075084663927555
0 19.189355924725533
2 19.310815930366516
1 19.472104251384735
3 19.58785605430603
2 19.676014482975006
3 20.085212893784046
3 20.19357441365719
1 20.312978148460388
3 20.47713139653206
3 20.592525243759155
3 20.69066083431244
2 21.084520645439625
2 21.191320717334747
1 21.31282004714012
1 21.47321179509163
0 21.59499478340149
3 21.695849061012268
0 22.094431407749653
0 22.188430905342102
3 22.326148450374603
1 22.479655981063843
3 22.59538984298706
3 22.69290977716446
3 23.092783086001873
2 23.19430348277092
1 23.31914648413658
3 23.475724905729294
1 23.59241420030594
2 23.692866504192352
0 24.100835226476192
0 24.195807918906212
1 24.324221700429916
2 24.478713929653168
2 24.59663462638855
1 24.705471456050873
1 25.08293776959181
1 25.192464396357536
3 25.310849726200104
3 25.477477997541428
3 25.587567806243896
1 25.675334215164185
0 26.091229416429996
2 26.187323167920113
3 26.323537409305573
3 26.476835399866104
1 26.590803682804108
3 26.683801412582397
2 27.084443472325802
1 27.192364677786827
3 27.313829869031906
1 27.46911758184433
3 27.585793793201447
3 27.67991453409195
2 28.08166616410017
3 28.184441328048706
1 28.31415891647339
1 28.473374396562576
3 28.589260935783386
0 28.677526772022247
3 29.064140252768993
0 29.193628638982773
2 29.287060230970383
0 29.459132999181747
0 29.57909655570984
0 29.67177975177765
1 30.071083910763264
1 30.189128428697586
0 30.29191267490387
1 30.455927938222885
2 30.57190430164337
0 30.652227342128754
3 31.11147052794695
0 31.1943349391222
1 31.34060162305832
1 31.48625558614731
0 31.60065072774887
1 31.70841270685196
2 32.0896822437644
2 32.193367302417755
0 32.32544279098511
0 32.47735646367073
1 32.58641862869263
0 32.68818026781082
1 33.10492195934057
3 33.19374521076679
3 33.33799967169762
2 33.485487431287766
2 33.5994855761528
0 33.70443993806839
0 34.08174339681864
3 34.19371186196804
3 34.3068245947361
1 34.47399351000786
0 34.59174561500549
2 34.68771916627884
0 35.08114596456289
1 35.19379895925522
3 35.30288153886795
2 35.47405722737312
3 35.59254217147827
2 35.692869544029236
2 36.09871954470873
0 36.1941582262516
2 36.333252757787704
0 36.488687574863434
0 36.60446172952652
1 36.70824760198593
0 37.08875780552626
2 37.19144515693188
1 37.32593974471092
0 37.48211109638214
2 37.599820017814636
0 37.70155853033066
3 38.091218151152134
3 38.19291618466377
3 38.3242467045784
0 38.47850826382637
1 38.597449123859406
1 38.70213794708252
1 39.08435710519552
0 39.192170426249504
0 39.3191234767437
3 39.48026102781296
1 39.587430238723755
2 39.678025901317596
2 40.08612658828497
0 40.19610394537449
1 40.30360144376755
2 40.475289940834045
2 40.592143535614014
3 40.69672870635986
0 41.077146880328655
3 41.19178584218025
3 41.306088119745255
3 41.46810683608055
2 41.58415627479553
3 41.67181545495987
0 42.07115177065134
3 42.194517374038696
2 42.29236939549446
1 42.461757093667984
1 42.58093297481537
3 42.67221122980118
3 43.09147159010172
2 43.194580629467964
1 43.31979525089264
3 43.4781334400177
0 43.59659659862518
2 43.70176023244858
1 44.07630939036608
3 44.191915303468704
2 44.3066380918026
0 44.4735301733017
0 44.58921265602112
2 44.68154925107956
1 45.08377464860678
1 45.19284361600876
1 45.31492808461189
3 45.47892737388611
3 45.59331887960434
2 45.69144517183304
1 46.069091252982616
1 46.193225145339966
0 46.2867693901062
2 46.46585100889206
1 46.580444514751434
1 46.67360258102417
0 47.05940540879965
3 47.19070252776146
0 47.28203630447388
3 47.453500509262085
3 47.570003509521484
1 47.65622562170029
2 48.08087382465601
3 48.19214794039726
0 48.30803906917572
1 48.47356170415878
2 48.58987748622894
2 48.68628948926926
0 49.09356751292944
2 49.195523887872696
0 49.321730464696884
0 49.48208048939705
1 49.597076058387756
2 49.6970996260643
2 50.09459560364485
0 50.19378288090229
2 50.32347398996353
3 50.4858458340168
2 50.592565417289734
2 50.68743336200714
0 51.08158814162016
3 51.195143327116966
3 51.305853843688965
2 51.475383937358856
0 51.593703866004944
1 51.69828671216965
0 52.08528880029917
3 52.19322797656059
3 52.315486788749695
0 52.4761283993721
2 52.593005657196045
2 52.690718829631805
3 53.085202760994434
0 53.19317778944969
3 53.31025183200836
2 53.473705381155014
0 53.58764320611954
0 53.68332380056381
2 54.086291648447514
0 54.19148401916027
1 54.31769773364067
0 54.47433668375015
0 54.59228706359863
2 54.688402235507965
3 55.080153070390224
1 55.192953273653984
2 55.30548694729805
1 55.47411832213402
2 55.58667612075806
1 55.6766203045845
3 56.07786428183317
1 56.192219376564026
3 56.30600816011429
3 56.47692620754242
1 56.5913782119751
0 56.68178182840347
3 57.094307623803616
0 57.19180437922478
2 57.32767769694328
2 57.48066854476929
0 57.59083533287048
2 57.68257838487625
0 58.08507650345564
0 58.19215452671051
2 58.31260946393013
3 58.471746385097504
1 58.58719998598099
3 58.68815875053406
3 59.08766493946314
2 59.1921069920063
3 59.321171164512634
0 59.47789168357849
1 59.593408703804016
1 59.694117188453674
1 60.0660981759429
2 60.192455500364304
3 60.29232779145241
0 60.45924720168114
0 60.57908093929291
1 60.66909623146057
1 61.08701019734144
3 61.19390255212784
3 61.31116759777069
0 61.47283896803856
0 61.59297716617584
1 61.694484174251556
2 62.08712560683489
0 62.19389159977436
2 62.30989208817482
1 62.472673803567886
2 62.589194893836975
2 62.68608283996582
3 63.079046972095966
0 63.19359824061394
3 63.30015233159065
2 63.468732446432114
3 63.58801507949829
1 63.687086403369904
1 64.1110490784049
3 64.1954832971096
3 64.36518225073814
0 64.49523165822029
2 64.59749668836594
1 64.69710034132004
1 65.099789775908
2 65.1910016387701
3 65.3429773747921
3 65.47757104039192
2 65.58819156885147
2 65.69322723150253
1 66.09201688319445
0 66.19184386730194
3 66.32121449708939
1 66.47914388775826
0 66.59361118078232
0 66.69121742248535
2 67.08757074922323
2 67.19093106687069
1 67.31537339091301
0 67.47638693451881
1 67.59178626537323
1 67.6874771118164
3 68.07383524626493
2 68.18963333964348
1 68.29909041523933
3 68.46900236606598
2 68.58419495820999
3 68.67377936840057
1 69.08901792019606
3 69.19098052382469
2 69.32085305452347
2 69.47837787866592
0 69.58874416351318
0 69.68345230817795
0 70.09393682330847
0 70.19345651566982
2 70.32451093196869
3 70.48167991638184
2 70.59578454494476
2 70.69787979125977
0 71.09857102483511
1 71.19399866461754
1 71.3294009566307
3 71.48388519883156
1 71.5967509150505
2 71.70219457149506
2 72.08735194057226
3 72.19277046620846
0 72.31400421261787
0 72.47653299570084
1 72.59121084213257
1 72.69225078821182
1 73.10075899213552
0 73.19152869284153
0 73.33421736955643
3 73.48481795191765
1 73.59426701068878
0 73.69395810365677
0 74.09312068670988
1 74.18997158110142
3 74.32081651687622
1 74.47686332464218
3 74.58642500638962
1 74.67883342504501
3 75.10246669501066
1 75.19369068741798
3 75.33427539467812
3 75.48718166351318
1 75.59812140464783
3 75.69934129714966
2 76.0930584743619
2 76.19385331869125
3 76.31989073753357
1 76.47921824455261
2 76.59288680553436
1 76.69064313173294
3 77.08070325106382
1 77.19226256012917
3 77.30467483401299
3 77.46885123848915
0 77.58745163679123
2 77.68295520544052
1 78.08334562927485
2 78.19166907668114
2 78.31401637196541
1 78.47730687260628
0 78.59529483318329
1 78.69410318136215
3 79.09422636777163
2 79.19557228684425
2 79.31835752725601
2 79.4807256758213
3 79.5957590341568
2 79.69911360740662
0 80.1216397807002
0 80.1877531260252
1 80.37701863050461
2 80.48278772830963
0 80.60276293754578
0 80.6949452161789
0 81.08077128976583
3 81.18444211781025
3 81.31238475441933
2 81.47144117951393
3 81.57867020368576
3 81.67476731538773
0 82.08986904472113
2 82.19367900490761
3 82.31641906499863
3 82.47842127084732
2 82.59349173307419
2 82.69205993413925
0 83.08380042761564
3 83.1913371682167
3 83.31504762172699
0 83.47207808494568
2 83.59024846553802
0 83.6828972697258
0 84.08487931638956
1 84.19534158706665
1 84.30790868401527
2 84.47548249363899
3 84.5907347202301
0 84.68755048513412
2 85.08256297558546
0 85.19121666252613
1 85.31511127948761
1 85.47329992055893
0 85.58853423595428
2 85.68159538507462
1 86.0912656262517
2 86.19324612617493
1 86.3200778067112
3 86.47981920838356
3 86.59430408477783
2 86.69414001703262
1 87.08302985876799
3 87.1907005161047
0 87.31418827176094
3 87.47423109412193
3 87.59190773963928
3 87.68542265892029
3 88.08204533904791
1 88.19420000910759
3 88.30229085683823
1 88.47235664725304
2 88.58789491653442
3 88.69106030464172
3 89.10398512333632
3 89.19410999119282
0 89.34371310472488
2 89.4830302298069
1 89.59572786092758
3 89.71007603406906
0 90.09036280959845
0 90.19231456518173
1 90.31864938139915
3 90.4775362610817
1 90.59292936325073
0 90.6907764673233
3 91.07045454531908
3 91.19056603312492
1 91.29706060886383
1 91.46485736966133
3 91.57990515232086
0 91.66527342796326
1 92.08797001093626
1 92.19301311671734
1 92.31566834449768
1 92.47870513796806
1 92.59473860263824
1 92.69275665283203
3 93.0775450989604
3 93.1895093023777
0 93.30456131696701
1 93.46964785456657
0 93.5828828215599
1 93.6676419377327
1 94.08632101863623
3 94.19221775233746
1 94.312902957201
1 94.47623908519745
1 94.59055644273758
1 94.68743723630905
2 95.0806385204196
0 95.19393321871758
3 95.30504697561264
1 95.47287771105766
3 95.58832150697708
2 95.68509769439697
0 96.09064240008593
0 96.19224512577057
0 96.31980657577515
1 96.47939562797546
0 96.59734863042831
3 96.69804435968399
0 97.07049674540758
0 97.19563072919846
2 97.29373440146446
3 97.45295605063438
0 97.57098788022995
2 97.6551810503006
2 98.10367789119482
3 98.19367855787277
2 98.33989986777306
2 98.48544833064079
3 98.59698808193207
3 98.70492506027222
0 99.07480778545141
0 99.18982312083244
2 99.29803255200386
1 99.47176134586334
0 99.59429550170898
3 99.69345283508301
2 100.07846362143755
0 100.19086581468582
1 100.31108182668686
2 100.46916744112968
2 100.58945536613464
2 100.68051367998123
1 101.0631650313735
2 101.1938544511795
3 101.27846384048462
3 101.46205815672874
3 101.58412164449692
2 101.68894773721695
0 102.072156958282
2 102.19101184606552
2 102.29956936836243
0 102.46753942966461
3 102.58944165706635
2 102.68497556447983
2 103.08046042174101
2 103.19459411501884
2 103.30124282836914
0 103.47219571471214
2 103.59703505039215
1 103.70921051502228
2 104.09015556424856
0 104.1926666200161
2 104.32171040773392
3 104.47911784052849
1 104.59816873073578
3 104.69920641183853
3 105.1027676537633
2 105.19627720117569
0 105.32877936959267
2 105.48443087935448
2 105.59882003068924
0 105.71022433042526
1 106.09968041628599
0 106.19419798254967
2 106.35344025492668
1 106.4764997959137
3 106.59060537815094
0 106.7174237370491
3 107.07943903654814
1 107.19515113532543
2 107.30178615450859
1 107.47098460793495
0 107.59005504846573
0 107.68942099809647
2 108.07653395086527
3 108.19622626900673
3 108.29724943637848
3 108.46206071972847
2 108.58478045463562
2 108.68046182394028
0 109.07701908797026
2 109.19622439146042
1 109.28929167985916
1 109.47029554843903
2 109.59322845935822
2 109.71011501550674
1 110.08296150714159
2 110.19280950725079
2 110.3111401796341
1 110.47409102320671
1 110.59430813789368
2 110.69280058145523
1 111.06653570383787
0 111.19429275393486
2 111.28793761134148
2 111.46638488769531
1 111.58606880903244
0 111.68631845712662
3 112.0795990601182
0 112.19207841157913
2 112.30911669135094
2 112.47068175673485
2 112.58485847711563
3 112.67611712217331
1 113.11842479556799
3 113.19443774223328
2 113.34930524230003
1 113.48150923848152
1 113.61197131872177
0 113.73760002851486
3 114.09353635460138
1 114.19302196800709
3 114.3452068567276
1 114.4740329682827
3 114.58738350868225
1 114.70686453580856
1 115.09721871465445
3 115.19496397674084
3 115.32635787129402
0 115.48111590743065
3 115.59656661748886
3 115.69981521368027
1 116.08357135206461
3 116.19215682148933
2 116.3119184076786
2 116.47551283240318
2 116.59356951713562
0 116.69049435853958
0 117.06531362980604
2 117.18828147649765
0 117.29097598791122
2 117.46370121836662
0 117.57700073719025
1 117.6604910492897
2 118.07671319693327
1 118.19053646922112
1 118.30741134285927
3 118.47377374768257
3 118.59433019161224
3 118.69309002161026
3 119.06588590890169
2 119.19036567211151
3 119.29400339722633
2 119.46503493189812
3 119.58381187915802
2 119.67846834659576
3 120.0753188803792
2 120.1942235827446
0 120.29781794548035
2 120.46899646520615
3 120.59001153707504
1 120.6904182434082
3 121.08827658742666
2 121.19356568157673
1 121.31931892037392
1 121.47767385840416
0 121.58936893939972
2 121.6874737739563
3 122.08649868518114
1 122.19063833355904
0 122.31332612037659
0 122.47515001893044
2 122.59366512298584
2 122.69183313846588
2 123.0965535864234
1 123.19457753002644
2 123.32623025774956
3 123.47844597697258
1 123.59580808877945
3 123.69663888216019
1 124.07558955997229
1 124.19134818017483
0 124.30295312404633
0 124.46878305077553
2 124.58618116378784
0 124.67769438028336
1 125.07473850995302
1 125.19083973765373
3 125.3051116168499
1 125.472726136446
1 125.5901939868927
2 125.67981570959091
1 126.07707939296961
0 126.19494274258614
0 126.30104258656502
2 126.46121010184288
2 126.58202528953552
2 126.67327290773392
2 127.07354222983122
3 127.19173890352249
3 127.3017289340496
0 127.46606329083443
2 127.58141243457794
1 127.66874724626541
3 128.09201320260763
1 128.19370509684086
2 128.3163864016533
1 128.4780816733837
1 128.59612441062927
2 128.7064059972763
1 129.0611595734954
2 129.19183510541916
3 129.28289830684662
2 129.45747417211533
2 129.5722694993019
2 129.65510898828506
1 130.08431983739138
0 130.19285595417023
3 130.3122442960739
2 130.4761327803135
1 130.59190905094147
2 130.68688839673996
3 131.0952084288001
3 131.19319094717503
1 131.33083483576775
2 131.4830367565155
0 131.59681099653244
0 131.69554203748703
1 132.09589912742376
2 132.19192273914814
0 132.3325780928135
2 132.48314580321312
1 132.5966626405716
3 132.69339329004288
3 133.09140219539404
0 133.19291903078556
3 133.32254222035408
2 133.47860744595528
2 133.59674835205078
0 133.69942051172256
1 134.08515434712172
1 134.19134151935577
3 134.31959235668182
3 134.47721076011658
0 134.59442675113678
1 134.6904383301735
0 135.0905511751771
1 135.1930714249611
0 135.3203022480011
3 135.4794115126133
3 135.5919473171234
1 135.6888206601143
1 136.08398649841547
0 136.19221670925617
2 136.31513667106628
3 136.4708745777607
3 136.58661663532257
3 136.67777359485626
3 137.07076484709978
2 137.1914588212967
1 137.2908054292202
1 137.4641825556755
2 137.57295525074005
2 137.65380382537842
0 138.08247197419405
0 138.1913964152336
2 138.30960685014725
0 138.47236043214798
2 138.5883002281189
3 138.68274956941605
2 139.09219413250685
2 139.19318875670433
0 139.31714484095573
0 139.474090218544
0 139.58751887083054
0 139.68497961759567
0 140.0830775424838
3 140.19172221422195
1 140.31169563531876
0 140.4719234406948
0 140.5856351852417
0 140.6807038784027
3 141.08856867998838
2 141.1936007887125
0 141.31843784451485
2 141.4763645529747
2 141.58987975120544
0 141.69046187400818
0 142.07197415083647
1 142.1921269595623
2 142.29981896281242
2 142.46762710809708
3 142.58888864517212
2 142.68465793132782
0 143.08266463130713
3 143.19218464195728
1 143.3099951148033
0 143.47254464030266
3 143.58993244171143
0 143.68569046258926
0 144.10164860635996
0 144.1950505077839
0 144.3270764052868
1 144.4823416173458
1 144.59762400388718
3 144.7039868235588
0 145.0734882429242
2 145.1896874010563
1 145.30104073882103
3 145.46553832292557
2 145.5792155265808
0 145.6700250506401
0 146.10689835995436
1 146.19594448804855
0 146.36304011940956
3 146.48697552084923
0 146.59820693731308
2 146.70879346132278
1 147.08465019613504
1 147.1890133023262
0 147.32707700133324
1 147.47648978233337
3 147.57794499397278
0 147.68118584156036
2 148.0951131209731
1 148.19591537117958
0 148.31993660330772
2 148.48143649101257
2 148.5936400294304
0 148.69640392065048
0 149.08255296200514
2 149.19187659025192
1 149.30838549137115
2 149.47456368803978
1 149.59127342700958
3 149.69205123186111
0 150.0652663335204
1 150.19338002800941
1 150.28355538845062
3 150.46348360180855
2 150.5826405286789
1 150.67711597681046
2 151.09129885584116
2 151.19160763919353
0 151.32176810503006
0 151.4791504740715
3 151.59129405021667
2 151.68679803609848
0 152.09154292196035
0 152.19691702723503
3 152.31669133901596
1 152.48164543509483
2 152.5934202671051
1 152.69356262683868
3 153.0915788039565
1 153.19690276682377
0 153.31326669454575
1 153.4806104004383
1 153.59737676382065
0 153.70450884103775
1 154.08580485731363
3 154.19368171691895
3 154.30781027674675
0 154.47618117928505
2 154.59135222434998
3 154.691320002079
1 155.10749530047178
2 155.1944478750229
0 155.34241151809692
2 155.4911184310913
1 155.59962439537048
1 155.70208674669266
2 156.09031700342894
0 156.18951046466827
2 156.3170702457428
2 156.478219717741
3 156.59002554416656
1 156.68118172883987
1 157.10293721407652
3 157.19332212209702
2 157.3383337855339
2 157.4854897260666
2 157.59563380479813
2 157.6980957388878
2 158.08841594308615
2 158.19289749860764
1 158.3173062801361
1 158.47666329145432
2 158.58878535032272
2 158.68285685777664
0 159.07655096799135
1 159.19059297442436
2 159.30177676677704
3 159.46408891677856
1 159.5831013917923
0 159.67533600330353
1 160.092143766582
2 160.19612845778465
2 160.31720227003098
2 160.48148614168167
1 160.59583348035812
0 160.70074915885925
2 161.09128024429083
0 161.19285564124584
2 161.31891152262688
2 161.47809660434723
0 161.59383714199066
0 161.69449311494827
1 162.10685326904058
0 162.19480879604816
3 162.35648593306541
0 162.48741781711578
3 162.5975678563118
0 162.71345925331116
0 163.0769193097949
2 163.18614730238914
2 163.31470820307732
3 163.4665096104145
3 163.57724285125732
2 163.68275851011276
2 164.0912975296378
3 164.1924351900816
2 164.31913408637047
0 164.47792300581932
3 164.594064950943
0 164.69017761945724
0 165.08692552894354
0 165.18885666131973
0 165.32061663269997
0 165.47968390583992
1 165.59483635425568
0 165.6869513988495
3 166.09714641422033
2 166.1944843828678
2 166.33227214217186
0 166.48670488595963
0 166.60238218307495
2 166.70740050077438
1 167.08040181547403
0 167.19198454916477
1 167.30828273296356
0 167.47170728445053
3 167.58838856220245
0 167.68208795785904
2 168.08575247973204
2 168.1945289671421
2 168.3134943842888
0 168.47886380553246
0 168.59516829252243
3 168.69326037168503
0 169.09182161837816
3 169.19404692947865
0 169.3224447965622
3 169.48286533355713
0 169.59557098150253
2 169.6950408220291
2 170.08137796074152
2 170.19541981816292
3 170.30339604616165
2 170.4624164700508
1 170.57473874092102
3 170.66813606023788
2 171.0887933894992
1 171.19094923138618
2 171.31558859348297
3 171.47362169623375
0 171.58964383602142
0 171.68743067979813
1 172.086092017591
0 172.19249634444714
0 172.31611713767052
0 172.47649547457695
1 172.58870536088943
3 172.68504637479782
3 173.08868994563818
0 173.19241307675838
0 173.31382110714912
0 173.47434216737747
3 173.58922803401947
1 173.68550819158554
3 174.1042285785079
3 174.1923585832119
2 174.34045308828354
3 174.4876003563404
0 174.5956448316574
3 174.6952274441719
2 175.09546276181936
2 175.19173116981983
3 175.32647594809532
3 175.48323440551758
0 175.59451580047607
3 175.69032377004623
2 176.0840272679925
1 176.19220577180386
3 176.31617686152458
3 176.4778027534485
1 176.5893565416336
2 176.6873739361763
0 177.0997537598014
0 177.19158744812012
0 177.33301690220833
1 177.48249685764313
0 177.59429574012756
2 177.6946696639061
1 178.08835428208113
3 178.19324657320976
3 178.3181714117527
0 178.4749918282032
0 178.58771193027496
0 178.6869080066681
0 179.08041896671057
1 179.19218990206718
2 179.3007355928421
3 179.46968194842339
3 179.58084988594055
1 179.67406052350998
1 180.0845796391368
0 180.19252118468285
1 180.31399390101433
2 180.47192531824112
2 180.5872950553894
2 180.67978703975677
3 181.1077158972621
2 181.19323554635048
3 181.36084645986557
2 181.49338653683662
2 181.5967539548874
3 181.7115216255188
2 182.08772813528776
3 182.18883508443832
2 182.32966375350952
0 182.46337097883224
3 182.58186680078506
3 182.68689584732056
2 183.08559814840555
2 183.18797877430916
2 183.3173823952675
1 183.47614207863808
2 183.58216434717178
3 183.6801809668541
3 184.08759211748838
2 184.19451171159744
2 184.31042584776878
0 184.47666639089584
2 184.5902460217476
2 184.68533557653427
0 185.0874555632472
0 185.18880996108055
3 185.31663969159126
0 185.47761276364326
0 185.59417521953583
3 185.6897684931755
2 186.09026601165533
2 186.1925257742405
0 186.31821450591087
0 186.4774253964424
1 186.58880198001862
1 186.68356400728226
3 187.08993258327246
3 187.19229073822498
1 187.31622150540352
0 187.47777277231216
1 187.5928189754486
2 187.69268769025803
3 188.0815192386508
0 188.18885055184364
2 188.30854123830795
0 188.4741887152195
0 188.58965975046158
0 188.68355983495712
2 189.1049636080861
1 189.19156381487846
3 189.34757435321808
3 189.48405304551125
1 189.5964926481247
1 189.70137882232666
0 190.09977386146784
3 190.1937730461359
3 190.32805505394936
2 190.48123344779015
3 190.59242284297943
2 190.69010585546494
1 191.10800846666098
1 191.1915338933468
1 191.36000096797943
0 191.48541963100433
3 191.59890431165695
3 191.70883584022522
0 192.0977514758706
3 192.1907779276371
0 192.32820442318916
1 192.4847101867199
1 192.5936906337738
3 192.68582516908646
3 193.09238486737013
1 193.1959183216095
2 193.31668001413345
2 193.48106428980827
1 193.5896828174591
3 193.6891028881073
1 194.0887573286891
0 194.1915909051895
2 194.31322652101517
1 194.4775921702385
2 194.59159314632416
3 194.68609911203384
2 195.08749332278967
3 195.19147036969662
2 195.31265664100647
1 195.47622457146645
1 195.59400326013565
1 195.69074648618698
2 196.10021021217108
0 196.1924443691969
0 196.33456188440323
1 196.4814582169056
1 196.59404504299164
1 196.69268757104874
1 197.11144647747278
3 197.19165295362473
1 197.36147278547287
2 197.48878219723701
1 197.5983910560608
2 197.68776947259903
1 198.08897268027067
1 198.1899697482586
0 198.3213339149952
0 198.47572189569473
0 198.58144265413284
2 198.68461364507675
2 199.0828095600009
2 199.18857969343662
1 199.31046178936958
0 199.47254356741905
2 199.58538007736206
3 199.67572104930878
0 200.08784564584494
1 200.19030421972275
1 200.3238401710987
0 200.47562471032143
2 200.58368784189224
3 200.69141107797623
1 201.08352803438902
1 201.18692645430565
2 201.31163704395294
3 201.4745663702488
3 201.5849706530571
3 201.6764388680458
0 202.08079152554274
3 202.1881664097309
2 202.30856069922447
1 202.47205093502998
0 202.58318030834198
1 202.6724128127098
3 203.09585458785295
1 203.194436699152
3 203.32619470357895
1 203.48307225108147
0 203.58812564611435
3 203.68708908557892
0 204.0965507403016
0 204.19476026296616
2 204.3239525258541
3 204.47853407263756
2 204.593212723732
0 204.69558227062225
1 205.08327458053827
0 205.19083927571774
3 205.3065763413906
3 205.47274202108383
1 205.58522868156433
3 205.67509144544601
2 206.10585405677557
3 206.19413186609745
3 206.34611436724663
2 206.48441562056541
3 206.59646481275558
2 206.70641547441483
3 207.0923404470086
0 207.19257651269436
1 207.32398229837418
1 207.47623613476753
1 207.58833986520767
1 207.68938499689102
3 208.08660735934973
1 208.19022493064404
3 208.31430932879448
0 208.47535678744316
1 208.58645230531693
0 208.6760437488556
0 209.09877046197653
2 209.1936841160059
1 209.3313463330269
2 209.48275545239449
2 209.59514665603638
2 209.70385938882828
0 210.0848071500659
3 210.19127094745636
1 210.31232368946075
2 210.47328189015388
1 210.58425307273865
2 210.67697900533676
2 211.08435694128275
1 211.19578847289085
0 211.30432772636414
0 211.47253555059433
0 211.5917373895645
3 211.69417637586594
3 212.07896334677935
2 212.19483655691147
1 212.29852962493896
2 212.46525236964226
2 212.58458203077316
1 212.68107706308365
3 213.08799066394567
0 213.19272220134735
2 213.3154802620411
2 213.47799453139305
1 213.595288336277
0 213.6936835050583
2 214.10711177438498
0 214.1944283992052
3 214.35341197252274
3 214.49352768063545
2 214.60703825950623
3 214.7181654572487
0 215.09569009393454
3 215.19537295401096
0 215.34431102871895
3 215.48433169722557
3 215.60400968790054
2 215.7055899500847
2 216.09055726975203
3 216.19363732635975
3 216.34227013587952
0 216.48174226284027
1 216.60307681560516
3 216.70398634672165
2 217.0672416165471
0 217.1947257220745
3 217.32007724046707
0 217.4573294520378
0 217.57669925689697
3 217.66638785600662
