title
artist
153 60 2
2 0.056570748212488524
2 0.2531052938814827
0 0.2531052938814827
2 0.43965295513902386
0 0.43965295513902386
1 0.6627219230672007
0 0.7578885289144284
1 0.7578885289144284
0 0.9665364027023315
0 1.0565707482124884
3 1.2531052938814826
1 1.2531052938814826
2 1.4396529551390238
0 1.4396529551390238
3 1.6627219230672008
2 1.7578885289144284
0 1.7578885289144284
0 1.9665364027023315
1 2.0565707482124886
3 2.253105293881483
2 2.253105293881483
0 2.439652955139024
3 2.439652955139024
2 2.662721923067201
3 2.757888528914428
0 2.757888528914428
2 2.9665364027023315
1 3.0565707482124886
2 3.253105293881483
0 3.253105293881483
0 3.439652955139024
2 3.439652955139024
0 3.662721923067201
0 3.757888528914428
2 3.757888528914428
1 3.9665364027023315
0 4.056570748212488
3 4.253105293881482
1 4.253105293881482
1 4.439652955139024
2 4.439652955139024
1 4.662721923067201
1 4.757888528914428
2 4.757888528914428
0 4.9665364027023315
1 5.056570748212488
2 5.253105293881482
0 5.253105293881482
1 5.439652955139024
0 5.439652955139024
1 5.662721923067201
1 5.757888528914428
0 5.757888528914428
3 5.9665364027023315
0 6.056570748212488
3 6.253105293881482
0 6.253105293881482
3 6.439652955139024
1 6.439652955139024
3 6.662721923067201
0 6.757888528914428
3 6.757888528914428
3 6.9665364027023315
1 7.056570748212488
3 7.253105293881482
0 7.253105293881482
3 7.439652955139024
0 7.439652955139024
1 7.662721923067201
0 7.757888528914428
1 7.757888528914428
3 7.9665364027023315
3 8.056570748212488
0 8.253105293881482
2 8.253105293881482
3 8.439652955139024
1 8.439652955139024
0 8.6627219230672
0 8.757888528914428
3 8.757888528914428
0 8.966536402702332
2 9.056570748212488
0 9.253105293881482
3 9.253105293881482
0 9.439652955139024
2 9.439652955139024
3 9.6627219230672
3 9.757888528914428
1 9.757888528914428
3 9.966536402702332
0 10.056570748212488
3 10.253105293881482
2 10.253105293881482
1 10.439652955139024
2 10.439652955139024
2 10.6627219230672
0 10.757888528914428
3 10.757888528914428
2 10.966536402702332
0 11.056570748212488
2 11.253105293881482
3 11.253105293881482
0 11.439652955139024
2 11.439652955139024
1 11.6627219230672
3 11.757888528914428
1 11.757888528914428
0 11.966536402702332
3 12.056570748212488
3 12.253105293881482
1 12.253105293881482
0 12.439652955139024
3 12.439652955139024
1 12.6627219230672
1 12.757888528914428
0 12.757888528914428
1 12.966536402702332
1 13.056570748212488
0 13.253105293881482
3 13.253105293881482
1 13.439652955139024
0 13.439652955139024
2 13.6627219230672
3 13.757888528914428
1 13.757888528914428
0 13.966536402702332
0 14.056570748212488
1 14.253105293881482
2 14.253105293881482
1 14.439652955139024
2 14.439652955139024
0 14.6627219230672
1 14.757888528914428
0 14.757888528914428
3 14.966536402702332
1 15.056570748212488
2 15.253105293881482
0 15.253105293881482
1 15.439652955139024
3 15.439652955139024
2 15.6627219230672
3 15.757888528914428
2 15.757888528914428
3 15.966536402702332
0 16.05657074821249
2 16.253105293881482
1 16.253105293881482
3 16.439652955139024
1 16.439652955139024
1 16.6627219230672
1 16.757888528914428
2 16.757888528914428
1 16.96653640270233
2 17.05657074821249
2 17.253105293881482
1 17.253105293881482
1 17.439652955139024
0 17.439652955139024
2 17.6627219230672
0 17.757888528914428
1 17.757888528914428
3 17.96653640270233
1 18.05657074821249
3 18.253105293881482
2 18.253105293881482
2 18.439652955139024
3 18.439652955139024
3 18.6627219230672
2 18.757888528914428
0 18.757888528914428
3 18.96653640270233
1 19.05657074821249
3 19.253105293881482
1 19.253105293881482
3 19.439652955139024
0 19.439652955139024
1 19.6627219230672
0 19.757888528914428
1 19.757888528914428
2 19.96653640270233
2 20.05657074821249
0 20.253105293881482
2 20.253105293881482
0 20.439652955139024
1 20.439652955139024
0 20.6627219230672
2 20.757888528914428
0 20.757888528914428
1 20.96653640270233
1 21.05657074821249
0 21.253105293881482
1 21.253105293881482
0 21.439652955139024
3 21.439652955139024
1 21.6627219230672
0 21.757888528914428
3 21.757888528914428
1 21.96653640270233
0 22.05657074821249
3 22.253105293881482
2 22.253105293881482
0 22.439652955139024
1 22.439652955139024
2 22.6627219230672
0 22.757888528914428
3 22.757888528914428
1 22.96653640270233
0 23.05657074821249
2 23.253105293881482
0 23.253105293881482
2 23.439652955139024
0 23.439652955139024
3 23.6627219230672
2 23.757888528914428
1 23.757888528914428
2 23.96653640270233
1 24.05657074821249
3 24.253105293881482
2 24.253105293881482
2 24.439652955139024
0 24.439652955139024
0 24.6627219230672
3 24.757888528914428
0 24.757888528914428
1 24.96653640270233
1 25.05657074821249
2 25.253105293881482
3 25.253105293881482
0 25.439652955139024
3 25.439652955139024
3 25.6627219230672
0 25.757888528914428
3 25.757888528914428
3 25.96653640270233
1 26.05657074821249
2 26.253105293881482
3 26.253105293881482
1 26.439652955139024
3 26.439652955139024
3 26.6627219230672
1 26.757888528914428
3 26.757888528914428
3 26.96653640270233
0 27.05657074821249
3 27.253105293881482
2 27.253105293881482
0 27.439652955139024
3 27.439652955139024
2 27.6627219230672
0 27.757888528914428
2 27.757888528914428
2 27.96653640270233
0 28.05657074821249
2 28.253105293881482
1 28.253105293881482
3 28.439652955139024
1 28.439652955139024
0 28.6627219230672
0 28.757888528914428
2 28.757888528914428
3 28.96653640270233
1 29.05657074821249
0 29.253105293881482
1 29.253105293881482
1 29.439652955139024
3 29.439652955139024
1 29.6627219230672
0 29.757888528914428
1 29.757888528914428
1 29.96653640270233
3 30.05657074821249
2 30.253105293881482
0 30.253105293881482
2 30.439652955139024
0 30.439652955139024
2 30.6627219230672
2 30.757888528914428
3 30.757888528914428
3 30.96653640270233
3 31.05657074821249
3 31.253105293881482
1 31.253105293881482
0 31.439652955139024
2 31.439652955139024
1 31.6627219230672
3 31.757888528914428
1 31.757888528914428
1 31.96653640270233
2 32.056570748212486
0 32.25310529388148
1 32.25310529388148
3 32.439652955139024
0 32.439652955139024
0 32.6627219230672
2 32.75788852891443
0 32.75788852891443
2 32.96653640270233
0 33.056570748212486
0 33.25310529388148
1 33.25310529388148
0 33.439652955139024
1 33.439652955139024
3 33.6627219230672
2 33.75788852891443
1 33.75788852891443
1 33.96653640270233
1 34.056570748212486
3 34.25310529388148
1 34.25310529388148
0 34.439652955139024
2 34.439652955139024
1 34.6627219230672
1 34.75788852891443
0 34.75788852891443
0 34.96653640270233
3 35.056570748212486
0 35.25310529388148
2 35.25310529388148
0 35.439652955139024
3 35.439652955139024
0 35.6627219230672
1 35.75788852891443
3 35.75788852891443
0 35.96653640270233
1 36.056570748212486
3 36.25310529388148
0 36.25310529388148
3 36.439652955139024
0 36.439652955139024
0 36.6627219230672
1 36.75788852891443
3 36.75788852891443
0 36.96653640270233
3 37.056570748212486
3 37.25310529388148
0 37.25310529388148
3 37.439652955139024
2 37.439652955139024
1 37.6627219230672
1 37.75788852891443
0 37.75788852891443
0 37.96653640270233
3 38.056570748212486
3 38.25310529388148
2 38.25310529388148
0 38.439652955139024
2 38.439652955139024
2 38.6627219230672
1 38.75788852891443
2 38.75788852891443
0 38.96653640270233
0 39.056570748212486
0 39.25310529388148
1 39.25310529388148
3 39.439652955139024
0 39.439652955139024
3 39.6627219230672
3 39.75788852891443
0 39.75788852891443
3 39.96653640270233
3 40.056570748212486
3 40.25310529388148
2 40.25310529388148
3 40.439652955139024
1 40.439652955139024
3 40.6627219230672
1 40.75788852891443
2 40.75788852891443
2 40.96653640270233
3 41.056570748212486
2 41.25310529388148
3 41.25310529388148
2 41.439652955139024
0 41.439652955139024
2 41.6627219230672
3 41.75788852891443
2 41.75788852891443
1 41.96653640270233
1 42.03346359729767
2 42.14972072839737
1 42.14972072839737
3 42.26007026433945
2 42.26007026433945
1 42.39202344417572
3 42.44831785559654
2 42.44831785559654
1 42.571740448474884
3 42.697826965649924
1 42.95
0 43.328259551525115
0 43.056570748212486
0 43.25310529388148
1 43.25310529388148
0 43.439652955139024
3 43.439652955139024
3 43.6627219230672
2 43.75788852891443
0 43.75788852891443
2 43.96653640270233
3 44.056570748212486
1 44.25310529388148
3 44.25310529388148
0 44.439652955139024
3 44.439652955139024
2 44.6627219230672
3 44.75788852891443
0 44.75788852891443
1 44.96653640270233
1 45.056570748212486
3 45.25310529388148
0 45.25310529388148
2 45.439652955139024
0 45.439652955139024
1 45.6627219230672
3 45.75788852891443
1 45.75788852891443
1 45.96653640270233
2 46.056570748212486
0 46.25310529388148
3 46.25310529388148
3 46.439652955139024
1 46.439652955139024
1 46.6627219230672
3 46.75788852891443
1 46.75788852891443
0 46.96653640270233
0 47.056570748212486
0 47.25310529388148
2 47.25310529388148
2 47.439652955139024
1 47.439652955139024
2 47.6627219230672
3 47.75788852891443
1 47.75788852891443
3 47.96653640270233
2 48.056570748212486
2 48.25310529388148
0 48.25310529388148
1 48.439652955139024
2 48.439652955139024
2 48.6627219230672
2 48.75788852891443
0 48.75788852891443
0 48.96653640270233
1 49.03346359729767
0 49.14972072839737
3 49.14972072839737
2 49.26007026433945
3 49.26007026433945
0 49.39202344417572
0 49.44831785559654
1 49.44831785559654
0 49.571740448474884
1 49.697826965649924
2 49.95
3 50.328259551525115
2 50.03346359729767
0 50.14972072839737
1 50.14972072839737
0 50.26007026433945
2 50.26007026433945
0 50.39202344417572
2 50.44831785559654
0 50.44831785559654
1 50.571740448474884
0 50.66630533635616
0 50.85543511211872
3 51.139129775762555
2 51.517389327287674
3 51.056570748212486
3 51.25310529388148
2 51.25310529388148
3 51.439652955139024
1 51.439652955139024
2 51.6627219230672
0 51.75788852891443
3 51.75788852891443
3 51.96653640270233
0 52.056570748212486
0 52.25310529388148
3 52.25310529388148
1 52.439652955139024
2 52.439652955139024
2 52.6627219230672
0 52.75788852891443
2 52.75788852891443
1 52.96653640270233
1 53.056570748212486
1 53.25310529388148
2 53.25310529388148
1 53.439652955139024
3 53.439652955139024
1 53.6627219230672
2 53.75788852891443
3 53.75788852891443
3 53.96653640270233
0 54.03346359729767
2 54.14972072839737
1 54.14972072839737
2 54.26007026433945
0 54.26007026433945
1 54.39202344417572
0 54.44831785559654
1 54.44831785559654
3 54.571740448474884
1 54.66630533635616
3 54.85543511211872
3 55.139129775762555
1 55.517389327287674
0 55.056570748212486
1 55.25310529388148
0 55.25310529388148
1 55.439652955139024
0 55.439652955139024
1 55.6627219230672
3 55.75788852891443
1 55.75788852891443
2 55.96653640270233
1 56.056570748212486
0 56.25310529388148
1 56.25310529388148
3 56.439652955139024
0 56.439652955139024
1 56.6627219230672
2 56.75788852891443
1 56.75788852891443
3 56.96653640270233
0 57.056570748212486
1 57.25310529388148
2 57.25310529388148
0 57.439652955139024
1 57.439652955139024
2 57.6627219230672
0 57.75788852891443
1 57.75788852891443
2 57.96653640270233
3 58.03346359729767
1 58.14972072839737
3 58.14972072839737
0 58.26007026433945
1 58.26007026433945
0 58.39202344417572
3 58.44831785559654
2 58.44831785559654
0 58.571740448474884
0 58.697826965649924
1 58.95
1 59.328259551525115
0 59.056570748212486
1 59.25310529388148
2 59.25310529388148
2 59.439652955139024
0 59.439652955139024
0 59.6627219230672
2 59.75788852891443
3 59.75788852891443
3 59.96653640270233
0 60.056570748212486
1 60.25310529388148
2 60.25310529388148
1 60.439652955139024
0 60.439652955139024
0 60.6627219230672
3 60.75788852891443
2 60.75788852891443
0 60.96653640270233
3 61.056570748212486
1 61.25310529388148
0 61.25310529388148
0 61.439652955139024
1 61.439652955139024
0 61.6627219230672
3 61.75788852891443
0 61.75788852891443
0 61.96653640270233
1 62.03346359729767
0 62.14972072839737
1 62.14972072839737
3 62.26007026433945
0 62.26007026433945
0 62.39202344417572
0 62.44831785559654
3 62.44831785559654
2 62.571740448474884
2 62.697826965649924
3 62.95
3 63.328259551525115
0 63.056570748212486
1 63.25310529388148
3 63.25310529388148
1 63.439652955139024
3 63.439652955139024
0 63.6627219230672
3 63.75788852891443
1 63.75788852891443
2 63.96653640270233
1 64.0565707482125
2 64.25310529388149
1 64.25310529388149
1 64.43965295513902
2 64.43965295513902
1 64.6627219230672
1 64.75788852891444
2 64.75788852891444
3 64.96653640270233
2 65.0565707482125
0 65.25310529388149
3 65.25310529388149
0 65.43965295513902
1 65.43965295513902
2 65.6627219230672
0 65.75788852891444
3 65.75788852891444
1 65.96653640270233
3 66.03346359729767
2 66.14972072839737
0 66.14972072839737
1 66.26007026433945
0 66.26007026433945
2 66.39202344417572
0 66.44831785559654
1 66.44831785559654
2 66.57174044847488
1 66.66630533635616
1 66.85543511211873
0 67.13912977576256
1 67.51738932728767
0 67.0565707482125
0 67.25310529388149
1 67.25310529388149
3 67.43965295513902
0 67.43965295513902
2 67.6627219230672
3 67.75788852891444
0 67.75788852891444
1 67.96653640270233
2 68.0565707482125
1 68.25310529388149
2 68.25310529388149
3 68.43965295513902
2 68.43965295513902
0 68.6627219230672
1 68.75788852891444
3 68.75788852891444
1 68.96653640270233
0 69.0565707482125
2 69.25310529388149
0 69.25310529388149
3 69.43965295513902
1 69.43965295513902
2 69.6627219230672
0 69.75788852891444
3 69.75788852891444
1 69.96653640270233
3 70.03346359729767
3 70.14972072839737
2 70.14972072839737
0 70.26007026433945
1 70.26007026433945
1 70.39202344417572
0 70.44831785559654
3 70.44831785559654
3 70.57174044847488
3 70.69782696564992
1 70.95
0 71.32825955152512
3 71.0565707482125
2 71.25310529388149
0 71.25310529388149
3 71.43965295513902
2 71.43965295513902
3 71.6627219230672
2 71.75788852891444
1 71.75788852891444
2 71.96653640270233
1 72.0565707482125
0 72.25310529388149
3 72.25310529388149
0 72.43965295513902
2 72.43965295513902
0 72.6627219230672
2 72.75788852891444
0 72.75788852891444
2 72.96653640270233
2 73.0565707482125
0 73.25310529388149
2 73.25310529388149
0 73.43965295513902
1 73.43965295513902
3 73.6627219230672
2 73.75788852891444
0 73.75788852891444
3 73.96653640270233
2 74.0565707482125
0 74.25310529388149
3 74.25310529388149
2 74.43965295513902
3 74.43965295513902
2 74.6627219230672
2 74.75788852891444
0 74.75788852891444
1 74.96653640270233
1 75.0565707482125
2 75.25310529388149
0 75.25310529388149
2 75.43965295513902
1 75.43965295513902
1 75.6627219230672
2 75.75788852891444
1 75.75788852891444
0 75.96653640270233
2 76.0565707482125
2 76.25310529388149
0 76.25310529388149
3 76.43965295513902
1 76.43965295513902
3 76.6627219230672
2 76.75788852891444
3 76.75788852891444
2 76.96653640270233
0 77.0565707482125
2 77.25310529388149
0 77.25310529388149
2 77.43965295513902
0 77.43965295513902
2 77.6627219230672
1 77.75788852891444
2 77.75788852891444
1 77.96653640270233
0 78.0565707482125
1 78.25310529388149
0 78.25310529388149
3 78.43965295513902
1 78.43965295513902
1 78.6627219230672
1 78.75788852891444
2 78.75788852891444
3 78.96653640270233
2 79.0565707482125
2 79.25310529388149
0 79.25310529388149
0 79.43965295513902
3 79.43965295513902
0 79.6627219230672
0 79.75788852891444
2 79.75788852891444
1 79.96653640270233
1 80.0565707482125
1 80.25310529388149
3 80.25310529388149
2 80.43965295513902
1 80.43965295513902
2 80.6627219230672
3 80.75788852891444
1 80.75788852891444
1 80.96653640270233
2 81.0565707482125
2 81.25310529388149
1 81.25310529388149
2 81.43965295513902
3 81.43965295513902
2 81.6627219230672
2 81.75788852891444
0 81.75788852891444
1 81.96653640270233
2 82.0565707482125
1 82.25310529388149
2 82.25310529388149
3 82.43965295513902
0 82.43965295513902
0 82.6627219230672
0 82.75788852891444
3 82.75788852891444
0 82.96653640270233
3 83.0565707482125
3 83.25310529388149
1 83.25310529388149
0 83.43965295513902
2 83.43965295513902
2 83.6627219230672
2 83.75788852891444
3 83.75788852891444
0 83.96653640270233
2 84.0565707482125
2 84.25310529388149
3 84.25310529388149
0 84.43965295513902
3 84.43965295513902
2 84.6627219230672
3 84.75788852891444
0 84.75788852891444
3 84.96653640270233
1 85.0565707482125
2 85.25310529388149
3 85.25310529388149
1 85.43965295513902
0 85.43965295513902
2 85.6627219230672
2 85.75788852891444
0 85.75788852891444
0 85.96653640270233
3 86.0565707482125
0 86.25310529388149
2 86.25310529388149
0 86.43965295513902
2 86.43965295513902
3 86.6627219230672
0 86.75788852891444
1 86.75788852891444
0 86.96653640270233
0 87.0565707482125
3 87.25310529388149
0 87.25310529388149
1 87.43965295513902
2 87.43965295513902
2 87.6627219230672
1 87.75788852891444
0 87.75788852891444
0 87.96653640270233
1 88.0565707482125
0 88.25310529388149
3 88.25310529388149
1 88.43965295513902
0 88.43965295513902
1 88.6627219230672
2 88.75788852891444
3 88.75788852891444
0 88.96653640270233
3 89.0565707482125
0 89.25310529388149
2 89.25310529388149
0 89.43965295513902
3 89.43965295513902
2 89.6627219230672
3 89.75788852891444
1 89.75788852891444
2 89.96653640270233
2 90.0565707482125
3 90.25310529388149
0 90.25310529388149
1 90.43965295513902
2 90.43965295513902
3 90.6627219230672
3 90.75788852891444
2 90.75788852891444
0 90.96653640270233
3 91.0565707482125
1 91.25310529388149
3 91.25310529388149
1 91.43965295513902
2 91.43965295513902
2 91.6627219230672
0 91.75788852891444
1 91.75788852891444
3 91.96653640270233
2 92.0565707482125
3 92.25310529388149
1 92.25310529388149
0 92.43965295513902
3 92.43965295513902
1 92.6627219230672
0 92.75788852891444
3 92.75788852891444
1 92.96653640270233
0 93.0565707482125
2 93.25310529388149
0 93.25310529388149
1 93.43965295513902
2 93.43965295513902
1 93.6627219230672
1 93.75788852891444
3 93.75788852891444
2 93.96653640270233
3 94.0565707482125
3 94.25310529388149
0 94.25310529388149
0 94.43965295513902
3 94.43965295513902
0 94.6627219230672
2 94.75788852891444
0 94.75788852891444
0 94.96653640270233
2 95.0565707482125
2 95.25310529388149
0 95.25310529388149
0 95.43965295513902
2 95.43965295513902
3 95.6627219230672
3 95.75788852891444
2 95.75788852891444
0 95.96653640270233
2 96.05657111298986
1 96.2531052101587
2 96.2531052101587
1 96.43965285346661
2 96.43965285346661
0 96.66272171942744
2 96.75788840402939
0 96.75788840402939
2 96.96653617918491
1 97.05657111298986
1 97.2531052101587
3 97.2531052101587
3 97.43965285346661
0 97.43965285346661
0 97.66272171942744
3 97.75788840402939
2 97.75788840402939
3 97.96653617918491
1 98.05657111298986
3 98.2531052101587
0 98.2531052101587
0 98.43965285346661
2 98.43965285346661
3 98.66272171942744
1 98.75788840402939
0 98.75788840402939
1 98.96653617918491
1 99.05657111298986
3 99.2531052101587
1 99.2531052101587
0 99.43965285346661
1 99.43965285346661
3 99.66272171942744
1 99.75788840402939
0 99.75788840402939
2 99.96653617918491
0 100.05657111298986
0 100.2531052101587
1 100.2531052101587
2 100.43965285346661
1 100.43965285346661
2 100.66272171942744
2 100.75788840402939
1 100.75788840402939
3 100.96653617918491
1 101.05657111298986
3 101.2531052101587
2 101.2531052101587
0 101.43965285346661
1 101.43965285346661
3 101.66272171942744
0 101.75788840402939
3 101.75788840402939
2 101.96653617918491
1 102.05657111298986
2 102.2531052101587
1 102.2531052101587
0 102.43965285346661
1 102.43965285346661
0 102.66272171942744
0 102.75788840402939
3 102.75788840402939
0 102.96653617918491
3 103.05657111298986
0 103.2531052101587
3 103.2531052101587
2 103.43965285346661
1 103.43965285346661
3 103.66272171942744
3 103.75788840402939
2 103.75788840402939
2 103.96653617918491
