title
artist
123 60 2
1 1.0442921253618136
3 1.2456761323054888
1 1.2456761323054888
0 1.437177913929372
3 1.437177913929372
2 1.6692534866579143
0 1.7611567920353588
2 1.7611567920353588
2 1.9741892237216234
0 2.590846168710784
3 2.926797792315483
3 3.188943085847089
0 3.2647241107760356
3 3.620707595057953
2 3.620707595057953
0 3.620707595057953
1 3.8909237682819366
2 5.67441052223105
0 5.943491283804178
0 6.052179597977667
2 6.277523798506256
3 6.277523798506256
2 6.376394878937529
2 6.70618527245391
3 6.70618527245391
0 6.786267259076153
3 6.9721965324133635
0 7.2170498507180305
3 7.274900301613255
2 7.274900301613255
0 7.622312425344329
1 7.622312425344329
2 7.709517045983046
0 7.87341633439064
3 8.056570748212488
2 8.253105293881482
1 8.253105293881482
2 8.439652955139024
1 8.439652955139024
0 8.6627219230672
3 8.757888528914428
2 8.757888528914428
0 8.966536402702332
3 9.056570748212488
0 9.253105293881482
1 9.253105293881482
0 9.439652955139024
1 9.439652955139024
0 9.6627219230672
0 9.757888528914428
3 9.757888528914428
1 9.966536402702332
1 10.056570748212488
0 10.253105293881482
2 10.253105293881482
2 10.439652955139024
3 10.439652955139024
0 10.6627219230672
2 10.757888528914428
1 10.757888528914428
3 10.966536402702332
3 11.056570748212488
3 11.253105293881482
2 11.253105293881482
0 11.439652955139024
1 11.439652955139024
3 11.6627219230672
0 11.757888528914428
2 11.757888528914428
2 11.966536402702332
3 12.008605663179013
1 12.364825570106087
1 12.579945067460972
0 12.997148685157299
0 13.323187369376692
1 13.436620566104873
0 13.55392961464197
1 13.63191616908086
3 13.815742552280426
2 14.18781299565509
3 14.261344826325198
1 14.376101228131242
2 14.376101228131242
0 14.613525977374701
1 14.682894546992973
3 14.682894546992973
1 14.883552491664886
2 15.056570748212488
3 15.253105293881482
2 15.253105293881482
0 15.439652955139024
1 15.439652955139024
3 15.6627219230672
1 15.757888528914428
0 15.757888528914428
1 15.966536402702332
2 16.03346359729767
0 16.14972072839737
2 16.14972072839737
1 16.260070264339447
3 16.260070264339447
3 16.39202344417572
0 16.448317855596542
1 16.448317855596542
1 16.571740448474884
2 16.647392358779907
0 16.798696179389953
0 17.025651910305022
2 17.328259551525115
2 17.706519103050233
0 17.03346359729767
1 17.14972072839737
0 17.14972072839737
2 17.260070264339447
3 17.260070264339447
3 17.39202344417572
1 17.448317855596542
3 17.448317855596542
3 17.571740448474884
2 17.666305336356164
1 17.85543511211872
3 18.13912977576256
2 18.517389327287674
0 18.03346359729767
0 18.14972072839737
3 18.14972072839737
3 18.260070264339447
2 18.260070264339447
2 18.39202344417572
1 18.448317855596542
0 18.448317855596542
2 18.571740448474884
0 18.666305336356164
2 18.85543511211872
0 19.13912977576256
3 19.517389327287674
2 19.05657074821249
1 19.253105293881482
3 19.253105293881482
3 19.439652955139024
2 19.439652955139024
2 19.6627219230672
3 19.757888528914428
2 19.757888528914428
0 19.96653640270233
0 20.05657074821249
0 20.253105293881482
1 20.253105293881482
2 20.439652955139024
3 20.439652955139024
0 20.6627219230672
3 20.757888528914428
1 20.757888528914428
2 20.96653640270233
0 21.05657074821249
3 21.253105293881482
0 21.253105293881482
0 21.439652955139024
2 21.439652955139024
0 21.6627219230672
3 21.757888528914428
2 21.757888528914428
2 21.96653640270233
0 22.05657074821249
0 22.253105293881482
2 22.253105293881482
2 22.439652955139024
0 22.439652955139024
3 22.6627219230672
2 22.757888528914428
1 22.757888528914428
3 22.96653640270233
1 23.05657074821249
1 23.253105293881482
0 23.253105293881482
0 23.439652955139024
3 23.439652955139024
1 23.6627219230672
1 23.757888528914428
3 23.757888528914428
0 23.96653640270233
1 24.05657074821249
1 24.253105293881482
3 24.253105293881482
2 24.439652955139024
3 24.439652955139024
2 24.6627219230672
1 24.757888528914428
2 24.757888528914428
2 24.96653640270233
1 25.05657074821249
1 25.253105293881482
0 25.253105293881482
0 25.439652955139024
1 25.439652955139024
1 25.6627219230672
2 25.757888528914428
0 25.757888528914428
2 25.96653640270233
1 26.05657074821249
3 26.253105293881482
0 26.253105293881482
1 26.439652955139024
2 26.439652955139024
0 26.6627219230672
1 26.757888528914428
3 26.757888528914428
1 26.96653640270233
3 27.05657074821249
1 27.253105293881482
3 27.253105293881482
1 27.439652955139024
2 27.439652955139024
0 27.6627219230672
3 27.757888528914428
2 27.757888528914428
1 27.96653640270233
1 28.05657074821249
2 28.253105293881482
0 28.253105293881482
2 28.439652955139024
1 28.439652955139024
3 28.6627219230672
3 28.757888528914428
2 28.757888528914428
2 28.96653640270233
0 29.05657074821249
2 29.253105293881482
3 29.253105293881482
2 29.439652955139024
1 29.439652955139024
1 29.6627219230672
0 29.757888528914428
1 29.757888528914428
0 29.96653640270233
2 30.05657074821249
1 30.253105293881482
2 30.253105293881482
3 30.439652955139024
2 30.439652955139024
2 30.6627219230672
2 30.757888528914428
3 30.757888528914428
2 30.96653640270233
3 31.05657074821249
1 31.253105293881482
3 31.253105293881482
3 31.439652955139024
2 31.439652955139024
3 31.6627219230672
2 31.757888528914428
0 31.757888528914428
0 31.96653640270233
0 32.03346359729767
2 32.14972072839737
0 32.14972072839737
2 32.26007026433945
1 32.26007026433945
1 32.39202344417572
1 32.44831785559654
0 32.44831785559654
3 32.571740448474884
0 32.66630533635616
2 32.85543511211872
1 33.139129775762555
0 33.517389327287674
0 33.056570748212486
3 33.25310529388148
1 33.25310529388148
2 33.439652955139024
1 33.439652955139024
1 33.6627219230672
2 33.75788852891443
3 33.75788852891443
0 33.96653640270233
0 34.056570748212486
1 34.25310529388148
0 34.25310529388148
1 34.439652955139024
2 34.439652955139024
1 34.6627219230672
3 34.75788852891443
0 34.75788852891443
3 34.96653640270233
3 35.056570748212486
1 35.25310529388148
3 35.25310529388148
1 35.439652955139024
0 35.439652955139024
1 35.6627219230672
1 35.75788852891443
3 35.75788852891443
2 35.96653640270233
0 36.046652117879155
1 36.246842701904484
3 36.246842701904484
2 36.437967215178375
0 36.437967215178375
1 36.668678685321716
1 36.76164278101948
3 36.76164278101948
2 36.97273242659867
1 37.056570748212486
3 37.25310529388148
1 37.25310529388148
1 37.439652955139024
2 37.439652955139024
1 37.6627219230672
0 37.75788852891443
2 37.75788852891443
1 37.96653640270233
1 38.056570748212486
3 38.25310529388148
0 38.25310529388148
3 38.439652955139024
1 38.439652955139024
2 38.6627219230672
2 38.75788852891443
1 38.75788852891443
2 38.96653640270233
2 39.056570748212486
3 39.25310529388148
1 39.25310529388148
2 39.439652955139024
3 39.439652955139024
3 39.6627219230672
3 39.75788852891443
0 39.75788852891443
0 39.96653640270233
0 40.056570748212486
3 40.25310529388148
2 40.25310529388148
1 40.439652955139024
3 40.439652955139024
3 40.6627219230672
3 40.75788852891443
1 40.75788852891443
2 40.96653640270233
3 41.056570748212486
2 41.25310529388148
1 41.25310529388148
2 41.439652955139024
0 41.439652955139024
3 41.6627219230672
2 41.75788852891443
0 41.75788852891443
2 41.96653640270233
3 42.056570748212486
1 42.25310529388148
0 42.25310529388148
2 42.439652955139024
0 42.439652955139024
2 42.6627219230672
0 42.75788852891443
3 42.75788852891443
0 42.96653640270233
2 43.056570748212486
0 43.25310529388148
2 43.25310529388148
2 43.439652955139024
0 43.439652955139024
0 43.6627219230672
0 43.75788852891443
3 43.75788852891443
0 43.96653640270233
0 44.056570748212486
0 44.25310529388148
2 44.25310529388148
0 44.439652955139024
1 44.439652955139024
1 44.6627219230672
0 44.75788852891443
3 44.75788852891443
0 44.96653640270233
1 45.056570748212486
2 45.25310529388148
1 45.25310529388148
1 45.439652955139024
0 45.439652955139024
2 45.6627219230672
3 45.75788852891443
2 45.75788852891443
2 45.96653640270233
3 46.056570748212486
0 46.25310529388148
1 46.25310529388148
1 46.439652955139024
3 46.439652955139024
0 46.6627219230672
1 46.75788852891443
2 46.75788852891443
0 46.96653640270233
3 47.056570748212486
2 47.25310529388148
1 47.25310529388148
2 47.439652955139024
3 47.439652955139024
0 47.6627219230672
3 47.75788852891443
2 47.75788852891443
0 47.96653640270233
2 48.056570748212486
2 48.25310529388148
1 48.25310529388148
2 48.439652955139024
1 48.439652955139024
0 48.6627219230672
2 48.75788852891443
3 48.75788852891443
0 48.96653640270233
0 49.056570748212486
0 49.25310529388148
2 49.25310529388148
0 49.439652955139024
1 49.439652955139024
3 49.6627219230672
2 49.75788852891443
1 49.75788852891443
2 49.96653640270233
2 50.056570748212486
0 50.25310529388148
3 50.25310529388148
3 50.439652955139024
0 50.439652955139024
2 50.6627219230672
3 50.75788852891443
2 50.75788852891443
3 50.96653640270233
1 51.056570748212486
3 51.25310529388148
1 51.25310529388148
3 51.439652955139024
1 51.439652955139024
1 51.6627219230672
3 51.75788852891443
0 51.75788852891443
0 51.96653640270233
1 52.03346359729767
3 52.14972072839737
2 52.14972072839737
3 52.26007026433945
2 52.26007026433945
0 52.39202344417572
3 52.44831785559654
1 52.44831785559654
0 52.571740448474884
3 52.697826965649924
2 52.95
0 53.328259551525115
2 53.056570748212486
2 53.25310529388148
0 53.25310529388148
3 53.439652955139024
1 53.439652955139024
3 53.6627219230672
0 53.75788852891443
1 53.75788852891443
1 53.96653640270233
2 54.056570748212486
2 54.25310529388148
1 54.25310529388148
0 54.439652955139024
3 54.439652955139024
0 54.6627219230672
3 54.75788852891443
1 54.75788852891443
0 54.96653640270233
2 55.056570748212486
0 55.25310529388148
2 55.25310529388148
3 55.439652955139024
0 55.439652955139024
3 55.6627219230672
0 55.75788852891443
1 55.75788852891443
0 55.96653640270233
2 56.056570748212486
0 56.25310529388148
3 56.25310529388148
3 56.439652955139024
1 56.439652955139024
3 56.6627219230672
3 56.75788852891443
1 56.75788852891443
3 56.96653640270233
1 57.056570748212486
1 57.25310529388148
3 57.25310529388148
3 57.439652955139024
2 57.439652955139024
1 57.6627219230672
3 57.75788852891443
2 57.75788852891443
3 57.96653640270233
3 58.056570748212486
1 58.25310529388148
2 58.25310529388148
3 58.439652955139024
2 58.439652955139024
3 58.6627219230672
1 58.75788852891443
0 58.75788852891443
2 58.96653640270233
0 59.056570748212486
3 59.25310529388148
2 59.25310529388148
2 59.439652955139024
1 59.439652955139024
0 59.6627219230672
0 59.75788852891443
1 59.75788852891443
2 59.96653640270233
1 60.03346359729767
0 60.14972072839737
2 60.14972072839737
2 60.26007026433945
1 60.26007026433945
1 60.39202344417572
2 60.44831785559654
3 60.44831785559654
3 60.571740448474884
1 60.66630533635616
3 60.85543511211872
1 61.139129775762555
2 61.517389327287674
3 61.03346359729767
1 61.14972072839737
2 61.14972072839737
3 61.26007026433945
0 61.26007026433945
0 61.39202344417572
3 61.44831785559654
1 61.44831785559654
3 61.571740448474884
3 61.64739235877991
3 61.79869617938996
0 62.02565191030502
3 62.328259551525115
0 62.70651910305023
3 62.03346359729767
0 62.14972072839737
1 62.14972072839737
0 62.26007026433945
1 62.26007026433945
1 62.39202344417572
1 62.44831785559654
0 62.44831785559654
1 62.571740448474884
0 62.64739235877991
1 62.79869617938996
1 63.02565191030502
3 63.328259551525115
1 63.70651910305023
2 63.056570748212486
0 63.25310529388148
2 63.25310529388148
0 63.439652955139024
3 63.439652955139024
0 63.6627219230672
1 63.75788852891443
2 63.75788852891443
0 63.96653640270233
2 64.0565707482125
3 64.25310529388149
1 64.25310529388149
2 64.43965295513902
0 64.43965295513902
1 64.6627219230672
3 64.75788852891444
1 64.75788852891444
1 64.96653640270233
0 65.0565707482125
3 65.25310529388149
2 65.25310529388149
3 65.43965295513902
1 65.43965295513902
3 65.6627219230672
0 65.75788852891444
1 65.75788852891444
2 65.96653640270233
2 66.0565707482125
2 66.25310529388149
0 66.25310529388149
2 66.43965295513902
0 66.43965295513902
1 66.6627219230672
2 66.75788852891444
3 66.75788852891444
1 66.96653640270233
2 67.0565707482125
2 67.25310529388149
0 67.25310529388149
0 67.43965295513902
3 67.43965295513902
2 67.6627219230672
2 67.75788852891444
0 67.75788852891444
1 67.96653640270233
1 68.0565707482125
3 68.25310529388149
2 68.25310529388149
1 68.43965295513902
0 68.43965295513902
3 68.6627219230672
2 68.75788852891444
3 68.75788852891444
0 68.96653640270233
2 69.0565707482125
0 69.25310529388149
3 69.25310529388149
2 69.43965295513902
0 69.43965295513902
0 69.6627219230672
3 69.75788852891444
0 69.75788852891444
2 69.96653640270233
1 70.0565707482125
0 70.25310529388149
3 70.25310529388149
3 70.43965295513902
2 70.43965295513902
1 70.6627219230672
3 70.75788852891444
1 70.75788852891444
3 70.96653640270233
1 71.0565707482125
3 71.25310529388149
1 71.25310529388149
0 71.43965295513902
2 71.43965295513902
0 71.6627219230672
0 71.75788852891444
3 71.75788852891444
1 71.96653640270233
2 72.0565707482125
1 72.25310529388149
0 72.25310529388149
0 72.43965295513902
2 72.43965295513902
0 72.6627219230672
3 72.75788852891444
2 72.75788852891444
3 72.96653640270233
2 73.0565707482125
0 73.25310529388149
3 73.25310529388149
1 73.43965295513902
2 73.43965295513902
3 73.6627219230672
2 73.75788852891444
0 73.75788852891444
1 73.96653640270233
1 74.0565707482125
3 74.25310529388149
0 74.25310529388149
1 74.43965295513902
3 74.43965295513902
1 74.6627219230672
3 74.75788852891444
1 74.75788852891444
1 74.96653640270233
0 75.0565707482125
2 75.25310529388149
1 75.25310529388149
3 75.43965295513902
1 75.43965295513902
1 75.6627219230672
3 75.75788852891444
0 75.75788852891444
3 75.96653640270233
2 76.0565707482125
2 76.25310529388149
0 76.25310529388149
1 76.43965295513902
3 76.43965295513902
0 76.6627219230672
0 76.75788852891444
1 76.75788852891444
3 76.96653640270233
1 77.0565707482125
3 77.25310529388149
1 77.25310529388149
2 77.43965295513902
1 77.43965295513902
1 77.6627219230672
1 77.75788852891444
2 77.75788852891444
0 77.96653640270233
0 78.03346359729767
3 78.14972072839737
2 78.14972072839737
3 78.26007026433945
1 78.26007026433945
2 78.39202344417572
2 78.44831785559654
0 78.44831785559654
3 78.57174044847488
0 78.64739235877991
1 78.79869617938995
0 79.02565191030503
3 79.32825955152512
3 79.70651910305023
1 79.0565707482125
0 79.25310529388149
1 79.25310529388149
2 79.43965295513902
3 79.43965295513902
2 79.6627219230672
2 79.75788852891444
1 79.75788852891444
1 79.96653640270233
2 80.0565707482125
3 80.25310529388149
2 80.25310529388149
0 80.43965295513902
3 80.43965295513902
2 80.6627219230672
1 80.75788852891444
2 80.75788852891444
0 80.96653640270233
0 81.0565707482125
0 81.25310529388149
3 81.25310529388149
0 81.43965295513902
2 81.43965295513902
3 81.6627219230672
1 81.75788852891444
3 81.75788852891444
1 81.96653640270233
0 82.0565707482125
2 82.25310529388149
3 82.25310529388149
2 82.43965295513902
1 82.43965295513902
3 82.6627219230672
1 82.75788852891444
3 82.75788852891444
3 82.96653640270233
1 83.0565707482125
0 83.25310529388149
3 83.25310529388149
3 83.43965295513902
1 83.43965295513902
1 83.6627219230672
1 83.75788852891444
0 83.75788852891444
3 83.96653640270233
0 84.0565707482125
0 84.25310529388149
1 84.25310529388149
2 84.43965295513902
3 84.43965295513902
2 84.6627219230672
2 84.75788852891444
3 84.75788852891444
3 84.96653640270233
2 85.0565707482125
0 85.25310529388149
2 85.25310529388149
1 85.43965295513902
0 85.43965295513902
2 85.6627219230672
3 85.75788852891444
0 85.75788852891444
3 85.96653640270233
1 86.0565707482125
2 86.25310529388149
3 86.25310529388149
2 86.43965295513902
0 86.43965295513902
1 86.6627219230672
3 86.75788852891444
1 86.75788852891444
3 86.96653640270233
1 87.0565707482125
3 87.25310529388149
0 87.25310529388149
0 87.43965295513902
1 87.43965295513902
3 87.6627219230672
2 87.75788852891444
3 87.75788852891444
2 87.96653640270233
1 88.0565707482125
3 88.25310529388149
1 88.25310529388149
2 88.43965295513902
0 88.43965295513902
3 88.6627219230672
1 88.75788852891444
3 88.75788852891444
2 88.96653640270233
3 89.0565707482125
3 89.25310529388149
0 89.25310529388149
1 89.43965295513902
0 89.43965295513902
3 89.6627219230672
1 89.75788852891444
0 89.75788852891444
3 89.96653640270233
3 90.0565707482125
2 90.25310529388149
3 90.25310529388149
3 90.43965295513902
1 90.43965295513902
3 90.6627219230672
2 90.75788852891444
3 90.75788852891444
0 90.96653640270233
2 91.0565707482125
3 91.25310529388149
2 91.25310529388149
0 91.43965295513902
2 91.43965295513902
2 91.6627219230672
2 91.75788852891444
1 91.75788852891444
0 91.96653640270233
3 92.0565707482125
0 92.25310529388149
2 92.25310529388149
3 92.43965295513902
1 92.43965295513902
3 92.6627219230672
1 92.75788852891444
2 92.75788852891444
3 92.96653640270233
3 93.03346359729767
1 93.14972072839737
2 93.14972072839737
0 93.26007026433945
1 93.26007026433945
3 93.39202344417572
1 93.44831785559654
0 93.44831785559654
3 93.57174044847488
3 93.69782696564992
1 93.95
1 94.32825955152512
3 94.03346359729767
1 94.14972072839737
3 94.14972072839737
2 94.26007026433945
1 94.26007026433945
1 94.39202344417572
3 94.44831785559654
1 94.44831785559654
1 94.57174044847488
1 94.62577752726419
3 94.73385168484279
0 94.8959629212107
0 95.11211123636791
3 95.38229663031441
3 95.70651910305023
1 96.08477865457535
0 95.0565707482125
2 95.25310529388149
1 95.25310529388149
0 95.43965295513902
1 95.43965295513902
1 95.6627219230672
3 95.75788852891444
1 95.75788852891444
0 95.96653640270233
0 96.0565707482125
0 96.25310529388149
1 96.25310529388149
0 96.43965295513902
1 96.43965295513902
3 96.6627219230672
0 96.75788852891444
2 96.75788852891444
3 96.96653640270233
3 97.0565707482125
0 97.25310529388149
3 97.25310529388149
3 97.43965295513902
0 97.43965295513902
3 97.6627219230672
2 97.75788852891444
3 97.75788852891444
3 97.96653640270233
0 98.0565707482125
0 98.25310529388149
1 98.25310529388149
3 98.43965295513902
2 98.43965295513902
2 98.6627219230672
0 98.75788852891444
2 98.75788852891444
1 98.96653640270233
2 99.0565707482125
0 99.25310529388149
2 99.25310529388149
0 99.43965295513902
3 99.43965295513902
0 99.6627219230672
3 99.75788852891444
0 99.75788852891444
0 99.96653640270233
3 100.0565707482125
2 100.25310529388149
1 100.25310529388149
2 100.43965295513902
1 100.43965295513902
1 100.6627219230672
3 100.75788852891444
0 100.75788852891444
1 100.96653640270233
2 101.0565707482125
3 101.25310529388149
2 101.25310529388149
1 101.43965295513902
0 101.43965295513902
3 101.6627219230672
2 101.75788852891444
1 101.75788852891444
3 101.96653640270233
0 102.03346359729767
1 102.14972072839737
2 102.14972072839737
0 102.26007026433945
1 102.26007026433945
1 102.39202344417572
0 102.44831785559654
1 102.44831785559654
1 102.57174044847488
2 102.66630533635616
3 102.85543511211873
1 103.13912977576256
1 103.51738932728767
0 103.03346359729767
0 103.14972072839737
3 103.14972072839737
1 103.26007026433945
2 103.26007026433945
0 103.39202344417572
0 103.44831785559654
2 103.44831785559654
2 103.57174044847488
0 103.69782696564992
1 103.95
3 104.32825955152512
1 104.0565707482125
0 104.25310529388149
3 104.25310529388149
0 104.43965295513902
2 104.43965295513902
3 104.6627219230672
0 104.75788852891444
3 104.75788852891444
2 104.96653640270233
0 105.0565707482125
3 105.25310529388149
0 105.25310529388149
1 105.43965295513902
3 105.43965295513902
3 105.6627219230672
0 105.75788852891444
2 105.75788852891444
1 105.96653640270233
3 106.0565707482125
0 106.25310529388149
3 106.25310529388149
1 106.43965295513902
0 106.43965295513902
3 106.6627219230672
2 106.75788852891444
1 106.75788852891444
1 106.96653640270233
1 107.0565707482125
3 107.25310529388149
0 107.25310529388149
3 107.43965295513902
1 107.43965295513902
2 107.6627219230672
3 107.75788852891444
0 107.75788852891444
3 107.96653640270233
3 108.0565707482125
2 108.25310529388149
1 108.25310529388149
3 108.43965295513902
1 108.43965295513902
2 108.6627219230672
2 108.75788852891444
0 108.75788852891444
3 108.96653640270233
3 109.0565707482125
1 109.25310529388149
3 109.25310529388149
2 109.43965295513902
3 109.43965295513902
0 109.6627219230672
0 109.75788852891444
3 109.75788852891444
1 109.96653640270233
0 110.0565707482125
2 110.25310529388149
0 110.25310529388149
3 110.43965295513902
1 110.43965295513902
2 110.6627219230672
0 110.75788852891444
2 110.75788852891444
0 110.96653640270233
3 111.03346359729767
1 111.14972072839737
0 111.14972072839737
3 111.26007026433945
1 111.26007026433945
2 111.39202344417572
2 111.44831785559654
3 111.44831785559654
2 111.57174044847488
3 111.66630533635616
0 111.85543511211873
0 112.13912977576256
3 112.51738932728767
2 112.03346359729767
3 112.14972072839737
0 112.14972072839737
0 112.26007026433945
1 112.26007026433945
0 112.39202344417572
0 112.44831785559654
1 112.44831785559654
3 112.57174044847488
3 112.64739235877991
0 112.79869617938995
2 113.02565191030503
2 113.32825955152512
2 113.70651910305023
3 113.03346359729767
2 113.14972072839737
0 113.14972072839737
2 113.26007026433945
0 113.26007026433945
1 113.39202344417572
1 113.44831785559654
2 113.44831785559654
0 113.57174044847488
3 113.66630533635616
1 113.85543511211873
3 114.13912977576256
1 114.51738932728767
3 114.03346359729767
3 114.14972072839737
1 114.14972072839737
2 114.26007026433945
3 114.26007026433945
2 114.39202344417572
1 114.44831785559654
0 114.44831785559654
2 114.57174044847488
1 114.66630533635616
2 114.85543511211873
3 115.13912977576256
2 115.51738932728767
2 115.0565707482125
3 115.25310529388149
0 115.25310529388149
0 115.43965295513902
1 115.43965295513902
3 115.6627219230672
1 115.75788852891444
3 115.75788852891444
3 115.96653640270233
3 116.0565707482125
2 116.25310529388149
0 116.25310529388149
2 116.43965295513902
0 116.43965295513902
1 116.6627219230672
3 116.75788852891444
2 116.75788852891444
0 116.96653640270233
2 117.0565707482125
1 117.25310529388149
3 117.25310529388149
3 117.43965295513902
1 117.43965295513902
3 117.6627219230672
0 117.75788852891444
3 117.75788852891444
2 117.96653640270233
1 118.0565707482125
0 118.25310529388149
2 118.25310529388149
3 118.43965295513902
1 118.43965295513902
1 118.6627219230672
3 118.75788852891444
0 118.75788852891444
2 118.96653640270233
3 119.0565707482125
3 119.25310529388149
2 119.25310529388149
2 119.43965295513902
1 119.43965295513902
1 119.6627219230672
3 119.75788852891444
0 119.75788852891444
1 119.96653640270233
3 120.0565707482125
2 120.25310529388149
3 120.25310529388149
3 120.43965295513902
0 120.43965295513902
2 120.6627219230672
2 120.75788852891444
1 120.75788852891444
2 120.96653640270233
2 121.0565707482125
0 121.25310529388149
2 121.25310529388149
1 121.43965295513902
2 121.43965295513902
3 121.6627219230672
1 121.75788852891444
3 121.75788852891444
3 121.96653640270233
1 122.0565707482125
3 122.25310529388149
2 122.25310529388149
2 122.43965295513902
3 122.43965295513902
0 122.6627219230672
2 122.75788852891444
3 122.75788852891444
1 122.96653640270233
3 123.0565707482125
3 123.25310529388149
1 123.25310529388149
0 123.43965295513902
2 123.43965295513902
2 123.6627219230672
0 123.75788852891444
3 123.75788852891444
2 123.96653640270233
2 124.0565707482125
3 124.25310529388149
0 124.25310529388149
2 124.43965295513902
3 124.43965295513902
2 124.6627219230672
1 124.75788852891444
0 124.75788852891444
1 124.96653640270233
3 125.0565707482125
0 125.25310529388149
2 125.25310529388149
1 125.43965295513902
0 125.43965295513902
1 125.6627219230672
2 125.75788852891444
3 125.75788852891444
3 125.96653640270233
3 126.0565707482125
3 126.25310529388149
1 126.25310529388149
0 126.43965295513902
1 126.43965295513902
1 126.6627219230672
3 126.75788852891444
0 126.75788852891444
0 126.96653640270233
1 127.03346359729767
1 127.14972072839737
3 127.14972072839737
0 127.26007026433945
2 127.26007026433945
1 127.39202344417572
0 127.44831785559654
1 127.44831785559654
3 127.57174044847488
1 127.66630533635616
3 127.85543511211873
1 128.13912977576257
2 128.51738932728767
1 128.03346359729767
1 128.14972072839737
2 128.14972072839737
2 128.26007026433945
1 128.26007026433945
1 128.39202344417572
1 128.44831785559654
0 128.44831785559654
3 128.57174044847488
2 128.62577752726418
0 128.7338516848428
2 128.8959629212107
0 129.1121112363679
3 129.3822966303144
1 129.70651910305023
1 130.08477865457536
2 129.03346359729767
0 129.14972072839737
2 129.14972072839737
3 129.26007026433945
1 129.26007026433945
0 129.39202344417572
3 129.44831785559654
2 129.44831785559654
2 129.57174044847488
1 129.66630533635617
0 129.85543511211873
0 130.13912977576257
1 130.51738932728767
0 130.0565707482125
2 130.25310529388148
3 130.25310529388148
2 130.43965295513902
3 130.43965295513902
2 130.6627219230672
1 130.75788852891444
2 130.75788852891444
2 130.96653640270233
3 131.0565707482125
2 131.25310529388148
3 131.25310529388148
1 131.43965295513902
2 131.43965295513902
3 131.6627219230672
2 131.75788852891444
0 131.75788852891444
2 131.96653640270233
1 132.0565707482125
0 132.25310529388148
1 132.25310529388148
1 132.43965295513902
3 132.43965295513902
3 132.6627219230672
2 132.75788852891444
0 132.75788852891444
0 132.96653640270233
1 133.0565707482125
0 133.25310529388148
3 133.25310529388148
2 133.43965295513902
3 133.43965295513902
2 133.6627219230672
3 133.75788852891444
2 133.75788852891444
0 133.96653640270233
2 134.0565707482125
0 134.25310529388148
3 134.25310529388148
2 134.43965295513902
3 134.43965295513902
2 134.6627219230672
0 134.75788852891444
1 134.75788852891444
0 134.96653640270233
2 135.0565707482125
2 135.25310529388148
1 135.25310529388148
3 135.43965295513902
0 135.43965295513902
1 135.6627219230672
3 135.75788852891444
0 135.75788852891444
3 135.96653640270233
3 136.0565707482125
2 136.25310529388148
1 136.25310529388148
2 136.43965295513902
1 136.43965295513902
2 136.6627219230672
0 136.75788852891444
1 136.75788852891444
0 136.96653640270233
2 137.0565707482125
3 137.25310529388148
1 137.25310529388148
2 137.43965295513902
3 137.43965295513902
1 137.6627219230672
3 137.75788852891444
1 137.75788852891444
2 137.96653640270233
2 138.0565707482125
3 138.25310529388148
1 138.25310529388148
0 138.43965295513902
3 138.43965295513902
1 138.6627219230672
1 138.75788852891444
3 138.75788852891444
1 138.96653640270233
0 139.0565707482125
2 139.25310529388148
0 139.25310529388148
2 139.43965295513902
0 139.43965295513902
1 139.6627219230672
2 139.75788852891444
1 139.75788852891444
1 139.96653640270233
0 140.0565707482125
3 140.25310529388148
2 140.25310529388148
0 140.43965295513902
2 140.43965295513902
3 140.6627219230672
0 140.75788852891444
1 140.75788852891444
1 140.96653640270233
1 141.0565707482125
1 141.25310529388148
3 141.25310529388148
3 141.43965295513902
0 141.43965295513902
3 141.6627219230672
2 141.75788852891444
1 141.75788852891444
3 141.96653640270233
0 142.03346359729767
1 142.14972072839737
3 142.14972072839737
2 142.26007026433945
0 142.26007026433945
1 142.39202344417572
2 142.44831785559654
3 142.44831785559654
0 142.57174044847488
2 142.6473923587799
2 142.79869617938996
2 143.02565191030502
1 143.32825955152512
0 143.70651910305023
2 143.03346359729767
0 143.14972072839737
2 143.14972072839737
2 143.26007026433945
0 143.26007026433945
3 143.39202344417572
0 143.44831785559654
1 143.44831785559654
0 143.57174044847488
1 143.6473923587799
2 143.79869617938996
0 144.02565191030502
3 144.32825955152512
1 144.70651910305023
3 144.03346359729767
3 144.14972072839737
2 144.14972072839737
0 144.26007026433945
3 144.26007026433945
3 144.39202344417572
0 144.44831785559654
3 144.44831785559654
3 144.57174044847488
1 144.6473923587799
1 144.79869617938996
3 145.02565191030502
2 145.32825955152512
3 145.70651910305023
0 145.0565707482125
2 145.25310529388148
3 145.25310529388148
0 145.43965295513902
3 145.43965295513902
2 145.6627219230672
0 145.75788852891444
3 145.75788852891444
2 145.96653640270233
3 146.0565707482125
0 146.25310529388148
2 146.25310529388148
1 146.43965295513902
0 146.43965295513902
0 146.6627219230672
1 146.75788852891444
2 146.75788852891444
0 146.96653640270233
3 147.0565707482125
1 147.25310529388148
3 147.25310529388148
1 147.43965295513902
0 147.43965295513902
3 147.6627219230672
3 147.75788852891444
1 147.75788852891444
2 147.96653640270233
2 148.0565707482125
0 148.25310529388148
2 148.25310529388148
1 148.43965295513902
2 148.43965295513902
3 148.6627219230672
0 148.75788852891444
3 148.75788852891444
2 148.96653640270233
2 149.0565707482125
0 149.25310529388148
1 149.25310529388148
0 149.43965295513902
1 149.43965295513902
3 149.6627219230672
0 149.75788852891444
3 149.75788852891444
3 149.96653640270233
0 150.0565707482125
3 150.25310529388148
2 150.25310529388148
2 150.43965295513902
1 150.43965295513902
1 150.6627219230672
0 150.75788852891444
2 150.75788852891444
2 150.96653640270233
2 151.0565707482125
3 151.25310529388148
2 151.25310529388148
2 151.43965295513902
0 151.43965295513902
2 151.6627219230672
0 151.75788852891444
2 151.75788852891444
2 151.96653640270233
0 152.0565707482125
2 152.25310529388148
0 152.25310529388148
1 152.43965295513902
0 152.43965295513902
0 152.6627219230672
0 152.75788852891444
1 152.75788852891444
0 152.96653640270233
1 153.0565707482125
0 153.25310529388148
1 153.25310529388148
0 153.43965295513902
1 153.43965295513902
0 153.6627219230672
3 153.75788852891444
1 153.75788852891444
0 153.96653640270233
1 154.0565707482125
0 154.25310529388148
3 154.25310529388148
0 154.43965295513902
1 154.43965295513902
3 154.6627219230672
3 154.75788852891444
1 154.75788852891444
3 154.96653640270233
0 155.0565707482125
0 155.25310529388148
2 155.25310529388148
1 155.43965295513902
0 155.43965295513902
2 155.6627219230672
1 155.75788852891444
2 155.75788852891444
3 155.96653640270233
0 156.0565707482125
2 156.25310529388148
0 156.25310529388148
3 156.43965295513902
0 156.43965295513902
3 156.6627219230672
1 156.75788852891444
3 156.75788852891444
3 156.96653640270233
0 157.0565707482125
2 157.25310529388148
1 157.25310529388148
3 157.43965295513902
2 157.43965295513902
2 157.6627219230672
2 157.75788852891444
1 157.75788852891444
3 157.96653640270233
3 158.0565707482125
0 158.25310529388148
3 158.25310529388148
1 158.43965295513902
2 158.43965295513902
2 158.6627219230672
0 158.75788852891444
3 158.75788852891444
1 158.96653640270233
3 159.03346359729767
3 159.14972072839737
1 159.14972072839737
3 159.26007026433945
1 159.26007026433945
2 159.39202344417572
1 159.44831785559654
3 159.44831785559654
1 159.57174044847488
0 159.6978269656499
3 159.95
0 160.32825955152512
3 160.03346359729767
3 160.14972072839737
1 160.14972072839737
1 160.26007026433945
0 160.26007026433945
0 160.39202344417572
3 160.44831785559654
0 160.44831785559654
0 160.57174044847488
0 160.6473923587799
0 160.79869617938996
2 161.02565191030502
0 161.32825955152512
2 161.70651910305023
1 161.0565707482125
1 161.25310529388148
0 161.25310529388148
1 161.43965295513902
0 161.43965295513902
3 161.6627219230672
1 161.75788852891444
2 161.75788852891444
1 161.96653640270233
1 162.0565707482125
0 162.25310529388148
2 162.25310529388148
2 162.43965295513902
3 162.43965295513902
0 162.6627219230672
1 162.75788852891444
2 162.75788852891444
0 162.96653640270233
2 163.0565707482125
1 163.25310529388148
0 163.25310529388148
1 163.43965295513902
3 163.43965295513902
2 163.6627219230672
2 163.75788852891444
0 163.75788852891444
0 163.96653640270233
1 164.0565707482125
3 164.25310529388148
1 164.25310529388148
1 164.43965295513902
0 164.43965295513902
1 164.6627219230672
3 164.75788852891444
0 164.75788852891444
3 164.96653640270233
3 165.0565707482125
2 165.25310529388148
1 165.25310529388148
0 165.43965295513902
1 165.43965295513902
0 165.6627219230672
3 165.75788852891444
2 165.75788852891444
0 165.96653640270233
0 166.0565707482125
2 166.25310529388148
0 166.25310529388148
3 166.43965295513902
0 166.43965295513902
3 166.6627219230672
2 166.75788852891444
3 166.75788852891444
1 166.96653640270233
0 167.0565707482125
2 167.25310529388148
0 167.25310529388148
2 167.43965295513902
1 167.43965295513902
2 167.6627219230672
3 167.75788852891444
2 167.75788852891444
2 167.96653640270233
1 168.03346359729767
3 168.14972072839737
0 168.14972072839737
1 168.26007026433945
0 168.26007026433945
0 168.39202344417572
0 168.44831785559654
2 168.44831785559654
3 168.57174044847488
2 168.6978269656499
1 168.95
2 169.32825955152512
3 169.0565707482125
0 169.25310529388148
3 169.25310529388148
3 169.43965295513902
0 169.43965295513902
0 169.6627219230672
2 169.75788852891444
1 169.75788852891444
2 169.96653640270233
1 170.0565707482125
3 170.25310529388148
0 170.25310529388148
0 170.43965295513902
1 170.43965295513902
2 170.6627219230672
0 170.75788852891444
2 170.75788852891444
3 170.96653640270233
0 171.0565707482125
1 171.25310529388148
3 171.25310529388148
1 171.43965295513902
3 171.43965295513902
0 171.6627219230672
2 171.75788852891444
1 171.75788852891444
2 171.96653640270233
1 172.0565707482125
2 172.25310529388148
1 172.25310529388148
1 172.43965295513902
2 172.43965295513902
2 172.6627219230672
3 172.75788852891444
1 172.75788852891444
1 172.96653640270233
2 173.0565707482125
2 173.25310529388148
1 173.25310529388148
0 173.43965295513902
3 173.43965295513902
3 173.6627219230672
2 173.75788852891444
1 173.75788852891444
3 173.96653640270233
0 174.0565707482125
0 174.25310529388148
2 174.25310529388148
0 174.43965295513902
1 174.43965295513902
1 174.6627219230672
3 174.75788852891444
0 174.75788852891444
0 174.96653640270233
0 175.03346359729767
0 175.14972072839737
2 175.14972072839737
3 175.26007026433945
0 175.26007026433945
2 175.39202344417572
1 175.44831785559654
2 175.44831785559654
1 175.57174044847488
1 175.6978269656499
0 175.95
0 176.32825955152512
0 176.03346359729767
2 176.14972072839737
0 176.14972072839737
3 176.26007026433945
2 176.26007026433945
2 176.39202344417572
2 176.44831785559654
0 176.44831785559654
1 176.57174044847488
1 176.66630533635617
3 176.85543511211873
2 177.13912977576257
1 177.51738932728767
0 177.03346359729767
3 177.14972072839737
2 177.14972072839737
1 177.26007026433945
3 177.26007026433945
3 177.39202344417572
0 177.44831785559654
2 177.44831785559654
2 177.57174044847488
1 177.6473923587799
1 177.79869617938996
3 178.02565191030502
3 178.32825955152512
1 178.70651910305023
1 178.03346359729767
2 178.14972072839737
3 178.14972072839737
3 178.26007026433945
1 178.26007026433945
2 178.39202344417572
2 178.44831785559654
3 178.44831785559654
1 178.57174044847488
0 178.6347837070624
0 178.76087022423744
1 178.95
0 179.20217303435007
0 179.51738932728767
0 179.89564887881278
2 179.03346359729767
1 179.14972072839737
3 179.14972072839737
2 179.26007026433945
1 179.26007026433945
3 179.39202344417572
1 179.44831785559654
3 179.44831785559654
3 179.57174044847488
2 179.66630533635617
2 179.85543511211873
2 180.13912977576257
2 180.51738932728767
2 180.0565707482125
1 180.25310529388148
3 180.25310529388148
0 180.43965295513902
1 180.43965295513902
2 180.6627219230672
3 180.75788852891444
1 180.75788852891444
0 180.96653640270233
1 181.0565707482125
3 181.25310529388148
1 181.25310529388148
0 181.43965295513902
1 181.43965295513902
2 181.6627219230672
1 181.75788852891444
3 181.75788852891444
0 181.96653640270233
2 182.0565707482125
0 182.25310529388148
1 182.25310529388148
2 182.43965295513902
0 182.43965295513902
2 182.6627219230672
2 182.75788852891444
1 182.75788852891444
3 182.96653640270233
2 183.0565707482125
1 183.25310529388148
3 183.25310529388148
2 183.43965295513902
1 183.43965295513902
3 183.6627219230672
2 183.75788852891444
0 183.75788852891444
3 183.96653640270233
3 184.0565707482125
1 184.25310529388148
0 184.25310529388148
1 184.43965295513902
3 184.43965295513902
2 184.6627219230672
2 184.75788852891444
1 184.75788852891444
3 184.96653640270233
3 185.0565707482125
2 185.25310529388148
1 185.25310529388148
3 185.43965295513902
0 185.43965295513902
1 185.6627219230672
2 185.75788852891444
1 185.75788852891444
3 185.96653640270233
1 186.0565707482125
3 186.25310529388148
2 186.25310529388148
1 186.43965295513902
0 186.43965295513902
2 186.6627219230672
3 186.75788852891444
0 186.75788852891444
2 186.96653640270233
2 187.0565707482125
2 187.25310529388148
0 187.25310529388148
1 187.43965295513902
3 187.43965295513902
2 187.6627219230672
2 187.75788852891444
0 187.75788852891444
1 187.96653640270233
0 188.0565707482125
1 188.25310529388148
0 188.25310529388148
1 188.43965295513902
0 188.43965295513902
2 188.6627219230672
1 188.75788852891444
0 188.75788852891444
3 188.96653640270233
2 189.0565707482125
0 189.25310529388148
2 189.25310529388148
2 189.43965295513902
1 189.43965295513902
3 189.6627219230672
1 189.75788852891444
2 189.75788852891444
1 189.96653640270233
2 190.0565707482125
1 190.25310529388148
0 190.25310529388148
1 190.43965295513902
0 190.43965295513902
0 190.6627219230672
2 190.75788852891444
1 190.75788852891444
2 190.96653640270233
2 191.0565707482125
2 191.25310529388148
3 191.25310529388148
3 191.43965295513902
1 191.43965295513902
3 191.6627219230672
1 191.75788852891444
2 191.75788852891444
2 191.96653640270233
1 192.0565707482125
0 192.25310529388148
1 192.25310529388148
3 192.43965295513902
2 192.43965295513902
1 192.6627219230672
1 192.75788847853312
2 192.75788847853312
2 192.96653640270233
0 193.03346359729767
0 193.14972072839737
3 193.14972072839737
0 193.26007026433945
2 193.26007026433945
0 193.39202344417572
1 193.44831782579422
0 193.44831782579422
0 193.57174044847488
2 193.66630533635617
2 193.85543511211873
2 194.13912977576257
3 194.51738932728767
1 194.03346359729767
2 194.14972072839737
1 194.14972072839737
3 194.26007026433945
2 194.26007026433945
0 194.39202344417572
0 194.44831782579422
2 194.44831782579422
3 194.57174044847488
2 194.62577752726418
1 194.7338516848428
1 194.8959629212107
2 195.1121112363679
0 195.3822966303144
0 195.70651910305023
0 196.08477865457536
1 195.0565707482125
1 195.25310529388148
0 195.25310529388148
1 195.43965295513902
2 195.43965295513902
3 195.6627219230672
1 195.75788847853312
2 195.75788847853312
1 195.96653640270233
2 196.0565707482125
2 196.25310529388148
0 196.25310529388148
3 196.43965295513902
2 196.43965295513902
2 196.6627219230672
2 196.75788847853312
1 196.75788847853312
1 196.96653640270233
3 197.0565707482125
2 197.25310529388148
3 197.25310529388148
2 197.43965295513902
1 197.43965295513902
1 197.6627219230672
1 197.75788847853312
2 197.75788847853312
3 197.96653640270233
0 198.03346359729767
3 198.14972072839737
1 198.14972072839737
3 198.26007026433945
1 198.26007026433945
1 198.39202344417572
1 198.44831782579422
0 198.44831782579422
0 198.57174044847488
1 198.66630533635617
1 198.85543511211873
0 199.13912977576257
3 199.51738932728767
1 199.03346359729767
3 199.14972072839737
0 199.14972072839737
0 199.26007026433945
2 199.26007026433945
3 199.39202344417572
0 199.44831782579422
2 199.44831782579422
0 199.57174044847488
0 199.6347837070624
1 199.76087022423744
2 199.95
0 200.20217303435007
2 200.51738932728767
2 200.89564887881278
2 200.03346359729767
0 200.14972072839737
2 200.14972072839737
2 200.26007026433945
3 200.26007026433945
3 200.39202344417572
3 200.44831782579422
1 200.44831782579422
0 200.57174044847488
2 200.57174044847488
1 200.7135877802968
0 200.85543511211873
1 201.04456488788128
0 201.28097710758448
3 201.56467177122832
2 201.89564887881278
3 202.2739084303379
0 201.03346359729767
0 201.14972072839737
3 201.14972072839737
3 201.26007026433945
0 201.26007026433945
3 201.39202344417572
2 201.44831782579422
3 201.44831782579422
2 201.57174044847488
3 201.6347837070624
0 201.76087022423744
1 201.95
0 202.20217303435007
1 202.51738932728767
0 202.89564887881278
3 202.03346359729767
0 202.14972072839737
3 202.14972072839737
2 202.26007026433945
1 202.26007026433945
0 202.39202344417572
1 202.44831782579422
0 202.44831782579422
0 202.57174044847488
0 202.66630533635617
1 202.85543511211873
2 203.13912977576257
1 203.51738932728767
0 203.03346359729767
2 203.14972072839737
3 203.14972072839737
1 203.26007026433945
2 203.26007026433945
2 203.39202344417572
2 203.44831782579422
1 203.44831782579422
2 203.57174044847488
1 203.6473923587799
1 203.79869617938996
1 204.02565191030502
0 204.32825955152512
3 204.70651910305023
2 204.03346359729767
0 204.14972072839737
1 204.14972072839737
1 204.26007026433945
3 204.26007026433945
2 204.39202344417572
1 204.44831782579422
2 204.44831782579422
3 204.57174044847488
3 204.6347837070624
3 204.76087022423744
3 204.95
2 205.20217303435007
0 205.51738932728767
1 205.89564887881278
0 205.03346359729767
1 205.14972072839737
0 205.14972072839737
2 205.26007026433945
1 205.26007026433945
3 205.39202344417572
3 205.44831782579422
2 205.44831782579422
0 205.57174044847488
2 205.62577752726418
2 205.7338516848428
1 205.8959629212107
0 206.1121112363679
2 206.3822966303144
2 206.70651910305023
0 207.08477865457536
1 206.03346359729767
3 206.14972072839737
0 206.14972072839737
2 206.26007026433945
0 206.26007026433945
0 206.39202344417572
3 206.44831782579422
1 206.44831782579422
2 206.57174044847488
1 206.62577752726418
1 206.7338516848428
3 206.8959629212107
3 207.1121112363679
0 207.3822966303144
3 207.70651910305023
2 208.08477865457536
0 207.03346359729767
2 207.14972072839737
1 207.14972072839737
0 207.26007026433945
2 207.26007026433945
3 207.39202344417572
1 207.44831782579422
3 207.44831782579422
2 207.57174044847488
3 207.66630533635617
2 207.85543511211873
3 208.13912977576257
1 208.51738932728767
3 208.0565707482125
2 208.25310529388148
3 208.25310529388148
2 208.43965295513902
0 208.43965295513902
1 208.6627219230672
0 208.75788847853312
1 208.75788847853312
0 208.96653640270233
1 209.0565707482125
1 209.25310529388148
0 209.25310529388148
0 209.43965295513902
3 209.43965295513902
3 209.6627219230672
3 209.75788847853312
0 209.75788847853312
3 209.96653640270233
1 210.0565707482125
1 210.25310529388148
0 210.25310529388148
0 210.43965295513902
3 210.43965295513902
3 210.6627219230672
1 210.75788847853312
0 210.75788847853312
3 210.96653640270233
0 211.0565707482125
2 211.25310529388148
0 211.25310529388148
2 211.43965295513902
0 211.43965295513902
2 211.6627219230672
0 211.75788847853312
3 211.75788847853312
3 211.96653640270233
1 212.0565707482125
1 212.25310529388148
3 212.25310529388148
0 212.43965295513902
2 212.43965295513902
2 212.6627219230672
2 212.75788847853312
1 212.75788847853312
1 212.96653640270233
3 213.0565707482125
2 213.25310529388148
1 213.25310529388148
0 213.43965295513902
2 213.43965295513902
0 213.6627219230672
1 213.75788847853312
3 213.75788847853312
3 213.96653640270233
2 214.0679945483258
0 214.35949895605296
1 214.4693829519614
2 214.6194338422841
0 214.9773571267724
