title
artist
123 60 2
3 1.2456761323054888
2 1.2456761323054888
1 1.437177913929372
0 1.6692534866579143
3 1.7611567920353588
1 1.9741892237216234
1 2.590846168710784
3 3.188943085847089
3 3.2647241107760356
2 3.620707595057953
3 3.620707595057953
1 5.67441052223105
1 6.052179597977667
0 6.277523798506256
1 6.376394878937529
0 6.70618527245391
0 6.786267259076153
3 6.9721965324133635
0 7.274900301613255
3 7.274900301613255
0 7.622312425344329
0 7.709517045983046
0 8.056570748212488
0 8.253105293881482
2 8.253105293881482
3 8.439652955139024
1 8.757888528914428
0 8.757888528914428
2 9.056570748212488
3 9.253105293881482
2 9.439652955139024
1 9.439652955139024
1 9.6627219230672
0 9.757888528914428
1 10.056570748212488
2 10.253105293881482
1 10.439652955139024
2 10.439652955139024
1 10.6627219230672
1 10.757888528914428
3 11.056570748212488
1 11.253105293881482
1 11.439652955139024
2 11.439652955139024
2 11.6627219230672
1 11.757888528914428
1 12.008605663179013
1 12.364825570106087
2 12.579945067460972
2 13.323187369376692
2 13.55392961464197
0 13.63191616908086
3 13.815742552280426
0 14.261344826325198
2 14.376101228131242
2 14.613525977374701
3 14.682894546992973
0 14.883552491664886
2 15.056570748212488
2 15.253105293881482
0 15.439652955139024
3 15.6627219230672
0 15.757888528914428
1 15.966536402702332
3 16.03346359729767
2 16.14972072839737
0 16.260070264339447
0 16.39202344417572
0 16.448317855596542
1 16.571740448474884
2 16.647392358779907
2 17.025651910305022
1 17.328259551525115
3 17.03346359729767
0 17.14972072839737
2 17.260070264339447
0 17.39202344417572
2 17.448317855596542
3 17.571740448474884
3 17.666305336356164
3 18.13912977576256
2 18.517389327287674
3 18.03346359729767
0 18.14972072839737
3 18.260070264339447
2 18.39202344417572
1 18.448317855596542
0 18.571740448474884
1 18.85543511211872
2 19.13912977576256
2 19.517389327287674
0 19.14972072839737
1 19.14972072839737
1 19.260070264339447
0 19.39202344417572
2 19.448317855596542
1 19.571740448474884
1 19.95
1 20.328259551525115
3 20.253105293881482
1 20.253105293881482
3 20.439652955139024
2 20.6627219230672
2 20.757888528914428
3 20.96653640270233
0 21.253105293881482
3 21.439652955139024
2 21.439652955139024
3 21.6627219230672
1 21.757888528914428
1 21.96653640270233
0 22.253105293881482
0 22.439652955139024
2 22.439652955139024
3 22.757888528914428
0 22.757888528914428
2 22.96653640270233
1 23.253105293881482
3 23.253105293881482
0 23.439652955139024
1 23.6627219230672
2 23.757888528914428
0 24.05657074821249
0 24.253105293881482
3 24.439652955139024
1 24.439652955139024
1 24.757888528914428
0 24.757888528914428
0 24.96653640270233
3 25.253105293881482
1 25.253105293881482
1 25.439652955139024
2 25.6627219230672
3 25.757888528914428
2 25.96653640270233
3 26.253105293881482
1 26.439652955139024
3 26.439652955139024
2 26.757888528914428
3 26.757888528914428
0 26.96653640270233
0 27.253105293881482
1 27.253105293881482
3 27.439652955139024
3 27.6627219230672
1 27.757888528914428
0 27.96653640270233
2 28.14972072839737
0 28.260070264339447
3 28.260070264339447
0 28.39202344417572
2 28.448317855596542
3 28.697826965649924
3 28.95
3 29.328259551525115
3 29.253105293881482
1 29.253105293881482
1 29.439652955139024
1 29.6627219230672
1 29.757888528914428
3 30.05657074821249
0 30.253105293881482
3 30.439652955139024
2 30.439652955139024
0 30.6627219230672
2 30.757888528914428
1 30.96653640270233
0 31.253105293881482
3 31.253105293881482
1 31.439652955139024
2 31.757888528914428
0 31.757888528914428
2 31.96653640270233
2 32.14972072839737
1 32.14972072839737
0 32.26007026433945
3 32.44831785559654
2 32.44831785559654
3 32.66630533635616
2 32.85543511211872
0 33.139129775762555
2 33.056570748212486
2 33.25310529388148
2 33.439652955139024
3 33.6627219230672
1 33.75788852891443
2 33.75788852891443
0 34.056570748212486
0 34.25310529388148
0 34.439652955139024
1 34.6627219230672
2 34.75788852891443
0 34.96653640270233
2 35.056570748212486
2 35.25310529388148
2 35.439652955139024
3 35.439652955139024
3 35.75788852891443
3 35.96653640270233
0 36.046652117879155
3 36.246842701904484
2 36.437967215178375
1 36.668678685321716
1 36.76164278101948
0 36.97273242659867
3 37.056570748212486
2 37.25310529388148
2 37.439652955139024
3 37.439652955139024
3 37.75788852891443
2 37.96653640270233
1 38.056570748212486
1 38.25310529388148
3 38.439652955139024
0 38.439652955139024
2 38.75788852891443
3 38.75788852891443
0 39.056570748212486
3 39.25310529388148
2 39.439652955139024
1 39.6627219230672
0 39.75788852891443
1 39.96653640270233
0 40.056570748212486
3 40.25310529388148
3 40.439652955139024
2 40.439652955139024
0 40.75788852891443
3 40.75788852891443
0 41.056570748212486
3 41.25310529388148
1 41.439652955139024
0 41.439652955139024
1 41.75788852891443
2 41.75788852891443
1 42.056570748212486
2 42.25310529388148
2 42.439652955139024
1 42.439652955139024
0 42.75788852891443
2 42.96653640270233
2 43.056570748212486
2 43.25310529388148
0 43.439652955139024
1 43.6627219230672
2 43.75788852891443
0 43.75788852891443
2 44.056570748212486
2 44.25310529388148
1 44.439652955139024
0 44.439652955139024
0 44.75788852891443
3 44.96653640270233
3 45.056570748212486
0 45.25310529388148
1 45.439652955139024
0 45.6627219230672
3 45.75788852891443
2 45.96653640270233
2 46.056570748212486
1 46.25310529388148
2 46.439652955139024
1 46.6627219230672
3 46.75788852891443
2 46.75788852891443
1 47.056570748212486
2 47.25310529388148
0 47.439652955139024
1 47.6627219230672
3 47.75788852891443
3 47.96653640270233
3 48.056570748212486
2 48.25310529388148
0 48.439652955139024
1 48.6627219230672
3 48.75788852891443
1 48.75788852891443
0 49.056570748212486
1 49.25310529388148
3 49.439652955139024
2 49.439652955139024
0 49.75788852891443
2 49.75788852891443
0 50.056570748212486
2 50.25310529388148
2 50.439652955139024
3 50.439652955139024
0 50.75788852891443
3 50.96653640270233
3 51.056570748212486
0 51.25310529388148
2 51.439652955139024
3 51.6627219230672
2 51.75788852891443
3 51.96653640270233
0 52.03346359729767
1 52.14972072839737
1 52.26007026433945
0 52.39202344417572
3 52.44831785559654
3 52.571740448474884
1 52.697826965649924
2 53.328259551525115
1 53.056570748212486
2 53.25310529388148
3 53.439652955139024
0 53.439652955139024
0 53.75788852891443
3 53.75788852891443
3 54.056570748212486
0 54.25310529388148
2 54.439652955139024
2 54.6627219230672
1 54.75788852891443
2 54.96653640270233
2 55.056570748212486
3 55.25310529388148
2 55.439652955139024
1 55.439652955139024
3 55.75788852891443
1 55.75788852891443
3 56.056570748212486
0 56.25310529388148
2 56.439652955139024
1 56.439652955139024
3 56.75788852891443
3 56.96653640270233
1 57.056570748212486
3 57.25310529388148
3 57.439652955139024
1 57.6627219230672
0 57.75788852891443
1 57.75788852891443
2 58.056570748212486
2 58.25310529388148
0 58.439652955139024
0 58.6627219230672
0 58.75788852891443
1 58.96653640270233
2 59.056570748212486
3 59.25310529388148
2 59.439652955139024
0 59.439652955139024
3 59.75788852891443
2 59.96653640270233
0 60.03346359729767
0 60.14972072839737
2 60.26007026433945
1 60.26007026433945
3 60.44831785559654
0 60.44831785559654
1 60.66630533635616
0 61.139129775762555
0 61.517389327287674
3 61.03346359729767
0 61.14972072839737
0 61.26007026433945
2 61.39202344417572
1 61.44831785559654
3 61.571740448474884
2 61.79869617938996
0 62.02565191030502
2 62.328259551525115
3 62.03346359729767
3 62.14972072839737
2 62.26007026433945
1 62.26007026433945
2 62.44831785559654
3 62.571740448474884
1 62.64739235877991
2 63.02565191030502
3 63.328259551525115
1 63.70651910305023
2 63.25310529388148
0 63.25310529388148
3 63.439652955139024
3 63.75788852891443
0 63.75788852891443
1 64.0565707482125
0 64.25310529388149
0 64.43965295513902
3 64.43965295513902
0 64.6627219230672
2 64.75788852891444
0 65.0565707482125
0 65.25310529388149
0 65.43965295513902
1 65.43965295513902
3 65.6627219230672
2 65.75788852891444
1 65.96653640270233
0 66.25310529388149
2 66.43965295513902
1 66.43965295513902
1 66.6627219230672
3 66.75788852891444
0 67.0565707482125
2 67.25310529388149
0 67.25310529388149
2 67.43965295513902
1 67.6627219230672
1 67.75788852891444
0 68.0565707482125
1 68.25310529388149
2 68.43965295513902
0 68.43965295513902
0 68.75788852891444
1 68.75788852891444
2 69.0565707482125
2 69.25310529388149
0 69.43965295513902
3 69.43965295513902
3 69.75788852891444
0 69.75788852891444
3 70.0565707482125
0 70.25310529388149
3 70.25310529388149
3 70.43965295513902
0 70.75788852891444
1 70.75788852891444
0 71.0565707482125
1 71.25310529388149
2 71.25310529388149
3 71.43965295513902
2 71.75788852891444
0 71.75788852891444
1 71.96653640270233
3 72.25310529388149
0 72.43965295513902
2 72.43965295513902
2 72.6627219230672
1 72.75788852891444
1 73.0565707482125
3 73.25310529388149
0 73.43965295513902
2 73.43965295513902
0 73.6627219230672
2 73.75788852891444
2 74.0565707482125
2 74.25310529388149
1 74.25310529388149
0 74.43965295513902
0 74.75788852891444
3 74.75788852891444
2 74.96653640270233
2 75.25310529388149
2 75.43965295513902
1 75.43965295513902
3 75.6627219230672
0 75.75788852891444
3 75.96653640270233
3 76.25310529388149
1 76.43965295513902
3 76.43965295513902
0 76.6627219230672
0 76.75788852891444
1 77.03346359729767
0 77.14972072839737
1 77.26007026433945
0 77.26007026433945
3 77.39202344417572
3 77.44831785559654
2 77.69782696564992
2 77.95
1 78.03346359729767
0 78.14972072839737
3 78.14972072839737
2 78.26007026433945
1 78.44831785559654
3 78.44831785559654
0 78.64739235877991
2 78.79869617938995
1 79.32825955152512
2 79.70651910305023
2 79.25310529388149
0 79.25310529388149
2 79.43965295513902
3 79.6627219230672
3 79.75788852891444
3 79.96653640270233
0 80.25310529388149
3 80.25310529388149
2 80.43965295513902
1 80.6627219230672
2 80.75788852891444
2 80.96653640270233
1 81.25310529388149
3 81.25310529388149
2 81.43965295513902
1 81.6627219230672
0 81.75788852891444
1 81.96653640270233
1 82.0565707482125
0 82.25310529388149
1 82.43965295513902
0 82.6627219230672
2 82.75788852891444
2 82.96653640270233
1 83.25310529388149
3 83.25310529388149
3 83.43965295513902
1 83.6627219230672
2 83.75788852891444
3 83.96653640270233
1 84.0565707482125
2 84.25310529388149
2 84.43965295513902
2 84.6627219230672
2 84.75788852891444
2 84.96653640270233
2 85.25310529388149
0 85.25310529388149
1 85.43965295513902
0 85.6627219230672
3 85.75788852891444
0 85.96653640270233
1 86.0565707482125
1 86.25310529388149
1 86.43965295513902
3 86.6627219230672
2 86.75788852891444
3 86.96653640270233
1 87.0565707482125
0 87.25310529388149
3 87.43965295513902
3 87.6627219230672
3 87.75788852891444
1 87.96653640270233
2 88.25310529388149
1 88.25310529388149
3 88.43965295513902
2 88.6627219230672
3 88.75788852891444
1 88.96653640270233
2 89.25310529388149
1 89.25310529388149
3 89.43965295513902
0 89.6627219230672
0 89.75788852891444
1 89.96653640270233
3 90.25310529388149
0 90.25310529388149
1 90.43965295513902
2 90.6627219230672
3 90.75788852891444
0 90.96653640270233
1 91.25310529388149
3 91.25310529388149
2 91.43965295513902
3 91.6627219230672
0 91.75788852891444
3 91.96653640270233
0 92.25310529388149
3 92.25310529388149
0 92.43965295513902
0 92.6627219230672
2 92.75788852891444
2 92.96653640270233
0 93.14972072839737
1 93.14972072839737
2 93.26007026433945
1 93.39202344417572
0 93.44831785559654
2 93.57174044847488
2 93.69782696564992
2 94.32825955152512
0 94.14972072839737
1 94.14972072839737
0 94.26007026433945
3 94.39202344417572
2 94.44831785559654
0 94.57174044847488
2 94.62577752726419
3 94.8959629212107
2 95.11211123636791
0 95.70651910305023
1 96.08477865457535
1 95.25310529388149
1 95.43965295513902
3 95.43965295513902
2 95.75788852891444
0 95.75788852891444
2 96.0565707482125
0 96.25310529388149
1 96.43965295513902
3 96.43965295513902
0 96.6627219230672
2 96.75788852891444
1 97.0565707482125
0 97.25310529388149
1 97.25310529388149
3 97.43965295513902
1 97.75788852891444
0 97.75788852891444
3 98.0565707482125
0 98.25310529388149
2 98.43965295513902
0 98.43965295513902
2 98.6627219230672
1 98.75788852891444
3 98.96653640270233
1 99.25310529388149
0 99.25310529388149
3 99.43965295513902
1 99.75788852891444
2 99.75788852891444
2 100.0565707482125
3 100.25310529388149
2 100.43965295513902
1 100.43965295513902
2 100.75788852891444
0 100.75788852891444
2 100.96653640270233
1 101.25310529388149
0 101.43965295513902
1 101.43965295513902
0 101.75788852891444
1 101.75788852891444
1 102.03346359729767
2 102.14972072839737
1 102.26007026433945
3 102.26007026433945
2 102.44831785559654
1 102.44831785559654
0 102.57174044847488
0 102.85543511211873
2 103.13912977576256
0 103.03346359729767
3 103.14972072839737
0 103.26007026433945
3 103.39202344417572
3 103.44831785559654
0 103.44831785559654
0 103.69782696564992
1 104.32825955152512
1 104.03346359729767
0 104.14972072839737
2 104.26007026433945
2 104.39202344417572
0 104.44831785559654
3 104.44831785559654
1 104.69782696564992
0 104.95
0 105.0565707482125
3 105.25310529388149
2 105.43965295513902
3 105.43965295513902
1 105.75788852891444
2 105.96653640270233
2 106.0565707482125
2 106.25310529388149
1 106.43965295513902
0 106.6627219230672
1 106.75788852891444
1 106.96653640270233
3 107.0565707482125
0 107.25310529388149
1 107.43965295513902
1 107.6627219230672
2 107.75788852891444
1 107.96653640270233
1 108.0565707482125
0 108.25310529388149
0 108.43965295513902
1 108.6627219230672
1 108.75788852891444
3 108.75788852891444
1 109.0565707482125
0 109.25310529388149
1 109.43965295513902
2 109.6627219230672
0 109.75788852891444
1 109.75788852891444
1 110.03346359729767
3 110.14972072839737
2 110.26007026433945
2 110.39202344417572
1 110.44831785559654
2 110.44831785559654
3 110.69782696564992
1 111.32825955152512
1 111.03346359729767
2 111.14972072839737
2 111.26007026433945
2 111.39202344417572
3 111.44831785559654
3 111.57174044847488
2 111.66630533635616
1 112.13912977576256
2 112.51738932728767
0 112.03346359729767
2 112.14972072839737
3 112.26007026433945
2 112.39202344417572
1 112.44831785559654
2 112.57174044847488
3 112.79869617938995
3 113.02565191030503
0 113.32825955152512
2 113.03346359729767
1 113.14972072839737
2 113.26007026433945
2 113.39202344417572
1 113.44831785559654
2 113.44831785559654
3 113.66630533635616
2 113.85543511211873
3 114.51738932728767
2 114.14972072839737
1 114.14972072839737
0 114.26007026433945
0 114.39202344417572
2 114.44831785559654
2 114.57174044847488
1 114.85543511211873
0 115.13912977576256
2 115.0565707482125
0 115.25310529388149
3 115.25310529388149
2 115.43965295513902
1 115.6627219230672
3 115.75788852891444
0 115.96653640270233
3 116.25310529388149
2 116.25310529388149
0 116.43965295513902
3 116.6627219230672
0 116.75788852891444
1 117.0565707482125
1 117.25310529388149
0 117.43965295513902
2 117.43965295513902
2 117.75788852891444
1 117.75788852891444
1 118.0565707482125
3 118.25310529388149
1 118.43965295513902
0 118.43965295513902
3 118.6627219230672
0 118.75788852891444
3 119.0565707482125
0 119.25310529388149
3 119.25310529388149
3 119.43965295513902
3 119.75788852891444
0 119.75788852891444
0 119.96653640270233
0 120.25310529388149
1 120.25310529388149
3 120.43965295513902
1 120.6627219230672
3 120.75788852891444
3 120.96653640270233
1 121.25310529388149
2 121.43965295513902
1 121.43965295513902
2 121.75788852891444
0 121.75788852891444
3 121.96653640270233
2 122.25310529388149
3 122.43965295513902
1 122.43965295513902
1 122.6627219230672
1 122.75788852891444
3 123.0565707482125
1 123.25310529388149
2 123.25310529388149
2 123.43965295513902
1 123.6627219230672
1 123.75788852891444
2 124.0565707482125
2 124.25310529388149
1 124.43965295513902
0 124.43965295513902
0 124.75788852891444
3 124.75788852891444
1 124.96653640270233
2 125.25310529388149
2 125.43965295513902
0 125.43965295513902
3 125.6627219230672
2 125.75788852891444
1 126.0565707482125
2 126.25310529388149
1 126.25310529388149
0 126.43965295513902
0 126.6627219230672
0 126.75788852891444
1 126.96653640270233
2 127.14972072839737
2 127.26007026433945
3 127.26007026433945
1 127.44831785559654
2 127.44831785559654
3 127.57174044847488
1 127.85543511211873
3 128.51738932728767
0 128.03346359729767
0 128.14972072839737
3 128.26007026433945
0 128.26007026433945
2 128.44831785559654
3 128.57174044847488
1 128.62577752726418
2 128.8959629212107
0 129.1121112363679
1 129.3822966303144
2 130.08477865457536
2 129.14972072839737
1 129.14972072839737
3 129.26007026433945
1 129.39202344417572
1 129.44831785559654
0 129.57174044847488
2 129.66630533635617
3 130.13912977576257
1 130.0565707482125
2 130.25310529388148
1 130.25310529388148
0 130.43965295513902
2 130.6627219230672
3 130.75788852891444
3 131.0565707482125
3 131.25310529388148
0 131.25310529388148
2 131.43965295513902
3 131.6627219230672
3 131.75788852891444
0 132.0565707482125
1 132.25310529388148
2 132.43965295513902
3 132.43965295513902
0 132.75788852891444
2 132.75788852891444
2 132.96653640270233
3 133.25310529388148
2 133.43965295513902
1 133.43965295513902
1 133.6627219230672
0 133.75788852891444
2 134.0565707482125
3 134.25310529388148
0 134.25310529388148
3 134.43965295513902
3 134.75788852891444
2 134.75788852891444
0 134.96653640270233
0 135.25310529388148
2 135.25310529388148
2 135.43965295513902
2 135.6627219230672
0 135.75788852891444
3 136.0565707482125
0 136.25310529388148
3 136.25310529388148
0 136.43965295513902
1 136.75788852891444
0 136.75788852891444
3 137.0565707482125
0 137.25310529388148
3 137.43965295513902
1 137.43965295513902
0 137.6627219230672
1 137.75788852891444
1 137.96653640270233
2 138.25310529388148
2 138.43965295513902
3 138.43965295513902
1 138.6627219230672
3 138.75788852891444
0 139.0565707482125
2 139.25310529388148
0 139.25310529388148
2 139.43965295513902
0 139.75788852891444
1 139.75788852891444
1 139.96653640270233
1 140.25310529388148
3 140.25310529388148
0 140.43965295513902
0 140.6627219230672
1 140.75788852891444
3 141.0565707482125
3 141.25310529388148
1 141.43965295513902
3 141.43965295513902
3 141.75788852891444
2 141.75788852891444
1 142.03346359729767
1 142.14972072839737
3 142.26007026433945
0 142.26007026433945
1 142.39202344417572
3 142.44831785559654
1 142.6473923587799
2 142.79869617938996
2 143.02565191030502
1 143.70651910305023
0 143.14972072839737
1 143.14972072839737
1 143.26007026433945
3 143.39202344417572
0 143.44831785559654
0 143.57174044847488
1 143.6473923587799
3 144.02565191030502
3 144.32825955152512
3 144.03346359729767
3 144.14972072839737
2 144.26007026433945
3 144.39202344417572
0 144.44831785559654
3 144.57174044847488
3 144.6473923587799
2 144.79869617938996
3 145.32825955152512
3 145.70651910305023
2 145.25310529388148
1 145.25310529388148
3 145.43965295513902
1 145.6627219230672
1 145.75788852891444
3 146.0565707482125
3 146.25310529388148
0 146.25310529388148
3 146.43965295513902
0 146.75788852891444
1 146.75788852891444
3 147.0565707482125
2 147.25310529388148
3 147.25310529388148
3 147.43965295513902
0 147.75788852891444
1 147.75788852891444
3 148.0565707482125
3 148.25310529388148
0 148.25310529388148
1 148.43965295513902
0 148.6627219230672
0 148.75788852891444
0 148.96653640270233
3 149.25310529388148
2 149.25310529388148
1 149.43965295513902
2 149.75788852891444
0 149.75788852891444
2 150.0565707482125
2 150.25310529388148
1 150.25310529388148
2 150.43965295513902
3 150.6627219230672
2 150.75788852891444
3 151.0565707482125
0 151.25310529388148
2 151.25310529388148
0 151.43965295513902
2 151.75788852891444
3 151.75788852891444
1 152.0565707482125
3 152.25310529388148
1 152.43965295513902
3 152.43965295513902
1 152.75788852891444
0 152.75788852891444
1 152.96653640270233
0 153.25310529388148
2 153.25310529388148
1 153.43965295513902
2 153.6627219230672
1 153.75788852891444
3 153.96653640270233
2 154.25310529388148
2 154.43965295513902
3 154.43965295513902
3 154.75788852891444
1 154.75788852891444
3 155.0565707482125
0 155.25310529388148
3 155.43965295513902
0 155.43965295513902
3 155.75788852891444
1 155.75788852891444
1 156.0565707482125
0 156.25310529388148
1 156.25310529388148
0 156.43965295513902
3 156.6627219230672
0 156.75788852891444
2 156.96653640270233
0 157.25310529388148
1 157.43965295513902
2 157.43965295513902
2 157.6627219230672
2 157.75788852891444
1 157.96653640270233
2 158.25310529388148
3 158.43965295513902
2 158.43965295513902
2 158.75788852891444
0 158.75788852891444
3 159.03346359729767
2 159.14972072839737
3 159.26007026433945
2 159.26007026433945
2 159.39202344417572
3 159.44831785559654
2 159.6978269656499
2 159.95
2 160.32825955152512
0 160.14972072839737
1 160.26007026433945
3 160.26007026433945
2 160.39202344417572
2 160.44831785559654
2 160.57174044847488
2 160.79869617938996
0 161.02565191030502
2 161.70651910305023
3 161.0565707482125
1 161.25310529388148
3 161.43965295513902
2 161.6627219230672
3 161.75788852891444
3 161.96653640270233
0 162.0565707482125
3 162.25310529388148
2 162.43965295513902
0 162.6627219230672
3 162.75788852891444
2 162.96653640270233
2 163.25310529388148
0 163.25310529388148
1 163.43965295513902
2 163.6627219230672
0 163.75788852891444
2 163.96653640270233
2 164.25310529388148
1 164.25310529388148
0 164.43965295513902
1 164.6627219230672
3 164.75788852891444
3 164.96653640270233
3 165.25310529388148
1 165.25310529388148
2 165.43965295513902
1 165.6627219230672
2 165.75788852891444
0 165.96653640270233
2 166.25310529388148
3 166.25310529388148
1 166.43965295513902
2 166.6627219230672
1 166.75788852891444
2 166.96653640270233
2 167.25310529388148
1 167.25310529388148
1 167.43965295513902
0 167.6627219230672
2 167.75788852891444
0 167.96653640270233
2 168.14972072839737
0 168.14972072839737
3 168.26007026433945
0 168.39202344417572
3 168.44831785559654
0 168.57174044847488
3 168.95
3 169.32825955152512
2 169.03346359729767
3 169.14972072839737
1 169.26007026433945
3 169.39202344417572
2 169.44831785559654
0 169.57174044847488
1 169.95
0 170.32825955152512
2 170.14972072839737
3 170.14972072839737
0 170.26007026433945
2 170.39202344417572
3 170.44831785559654
3 170.57174044847488
0 170.6978269656499
3 171.32825955152512
3 171.25310529388148
2 171.25310529388148
3 171.43965295513902
0 171.6627219230672
2 171.75788852891444
3 171.96653640270233
1 172.0565707482125
2 172.25310529388148
2 172.43965295513902
1 172.6627219230672
3 172.75788852891444
2 172.96653640270233
1 173.25310529388148
2 173.25310529388148
0 173.43965295513902
3 173.6627219230672
3 173.75788852891444
2 173.96653640270233
3 174.25310529388148
1 174.25310529388148
2 174.43965295513902
0 174.6627219230672
3 174.75788852891444
1 174.96653640270233
1 175.14972072839737
2 175.14972072839737
1 175.26007026433945
1 175.39202344417572
3 175.44831785559654
2 175.57174044847488
1 175.6978269656499
1 176.32825955152512
1 176.14972072839737
2 176.14972072839737
3 176.26007026433945
3 176.39202344417572
3 176.44831785559654
1 176.57174044847488
3 176.66630533635617
3 177.13912977576257
1 177.03346359729767
0 177.14972072839737
0 177.26007026433945
3 177.26007026433945
3 177.39202344417572
1 177.44831785559654
2 177.6473923587799
3 177.79869617938996
3 178.32825955152512
1 178.70651910305023
1 178.03346359729767
0 178.14972072839737
2 178.26007026433945
3 178.39202344417572
3 178.44831785559654
0 178.57174044847488
1 178.76087022423744
0 178.95
3 179.20217303435007
2 179.89564887881278
1 179.03346359729767
3 179.14972072839737
1 179.26007026433945
0 179.39202344417572
3 179.44831785559654
0 179.57174044847488
2 179.85543511211873
1 180.13912977576257
2 180.0565707482125
1 180.25310529388148
1 180.43965295513902
2 180.43965295513902
3 180.75788852891444
2 180.75788852891444
0 181.0565707482125
1 181.25310529388148
1 181.43965295513902
0 181.43965295513902
0 181.75788852891444
1 181.75788852891444
1 182.0565707482125
2 182.25310529388148
2 182.43965295513902
3 182.43965295513902
1 182.6627219230672
2 182.75788852891444
1 182.96653640270233
2 183.25310529388148
1 183.25310529388148
0 183.43965295513902
2 183.75788852891444
1 183.75788852891444
2 183.96653640270233
2 184.25310529388148
2 184.43965295513902
1 184.43965295513902
3 184.6627219230672
3 184.75788852891444
1 184.96653640270233
2 185.25310529388148
3 185.43965295513902
0 185.43965295513902
2 185.6627219230672
2 185.75788852891444
2 185.96653640270233
3 186.25310529388148
1 186.43965295513902
3 186.43965295513902
2 186.75788852891444
3 186.75788852891444
2 187.0565707482125
2 187.25310529388148
3 187.43965295513902
1 187.43965295513902
2 187.75788852891444
0 187.75788852891444
1 187.96653640270233
2 188.25310529388148
0 188.25310529388148
1 188.43965295513902
3 188.75788852891444
0 188.75788852891444
3 188.96653640270233
3 189.25310529388148
2 189.25310529388148
3 189.43965295513902
0 189.75788852891444
3 189.75788852891444
2 190.0565707482125
3 190.25310529388148
0 190.43965295513902
3 190.43965295513902
3 190.6627219230672
2 190.75788852891444
1 191.0565707482125
0 191.25310529388148
1 191.43965295513902
3 191.43965295513902
1 191.75788852891444
3 191.75788852891444
2 192.0565707482125
3 192.25310529388148
2 192.25310529388148
2 192.43965295513902
3 192.6627219230672
1 192.75788847853312
0 192.96653640270233
2 193.14972072839737
3 193.26007026433945
1 193.26007026433945
2 193.44831782579422
0 193.44831782579422
1 193.66630533635617
1 193.85543511211873
1 194.51738932728767
0 194.03346359729767
0 194.14972072839737
2 194.26007026433945
1 194.39202344417572
2 194.44831782579422
3 194.44831782579422
1 194.62577752726418
0 194.8959629212107
3 195.1121112363679
1 195.3822966303144
1 196.08477865457536
1 195.03346359729767
2 195.14972072839737
1 195.26007026433945
2 195.39202344417572
1 195.44831782579422
3 195.57174044847488
0 195.6978269656499
3 196.32825955152512
1 196.0565707482125
0 196.25310529388148
2 196.43965295513902
1 196.6627219230672
3 196.75788847853312
1 196.96653640270233
2 197.25310529388148
0 197.25310529388148
1 197.43965295513902
2 197.6627219230672
2 197.75788847853312
3 197.96653640270233
3 198.14972072839737
2 198.14972072839737
2 198.26007026433945
1 198.39202344417572
0 198.44831782579422
0 198.57174044847488
3 198.85543511211873
2 199.13912977576257
0 199.03346359729767
3 199.14972072839737
0 199.26007026433945
3 199.26007026433945
0 199.44831782579422
3 199.44831782579422
3 199.6347837070624
3 199.76087022423744
3 199.95
3 200.51738932728767
1 200.03346359729767
1 200.14972072839737
3 200.26007026433945
1 200.26007026433945
3 200.39202344417572
3 200.44831782579422
1 200.57174044847488
3 200.7135877802968
0 201.04456488788128
1 201.28097710758448
2 201.56467177122832
0 202.2739084303379
2 201.14972072839737
0 201.14972072839737
2 201.26007026433945
0 201.39202344417572
1 201.44831782579422
3 201.57174044847488
1 201.6347837070624
1 201.95
2 202.51738932728767
3 202.89564887881278
0 202.14972072839737
1 202.14972072839737
3 202.26007026433945
0 202.39202344417572
0 202.44831782579422
2 202.57174044847488
1 202.66630533635617
3 203.13912977576257
3 203.03346359729767
0 203.14972072839737
1 203.26007026433945
0 203.26007026433945
3 203.39202344417572
1 203.44831782579422
1 203.57174044847488
2 203.79869617938996
0 204.32825955152512
3 204.70651910305023
0 204.03346359729767
1 204.14972072839737
3 204.26007026433945
2 204.39202344417572
0 204.44831782579422
1 204.57174044847488
1 204.76087022423744
3 204.95
3 205.20217303435007
0 205.89564887881278
0 205.14972072839737
3 205.14972072839737
1 205.26007026433945
2 205.39202344417572
0 205.44831782579422
2 205.57174044847488
3 205.62577752726418
0 205.8959629212107
1 206.3822966303144
1 206.70651910305023
3 206.03346359729767
1 206.14972072839737
1 206.26007026433945
0 206.26007026433945
0 206.39202344417572
0 206.44831782579422
0 206.62577752726418
0 206.7338516848428
0 206.8959629212107
3 207.3822966303144
0 207.70651910305023
3 207.03346359729767
2 207.14972072839737
0 207.26007026433945
3 207.39202344417572
3 207.44831782579422
1 207.57174044847488
0 207.66630533635617
2 207.85543511211873
0 208.51738932728767
0 208.0565707482125
2 208.25310529388148
3 208.43965295513902
1 208.6627219230672
2 208.75788847853312
2 208.96653640270233
0 209.0565707482125
1 209.25310529388148
1 209.43965295513902
0 209.6627219230672
0 209.75788847853312
1 209.96653640270233
0 210.0565707482125
1 210.25310529388148
3 210.43965295513902
0 210.6627219230672
1 210.75788847853312
3 210.96653640270233
3 211.0565707482125
1 211.25310529388148
3 211.43965295513902
2 211.6627219230672
1 211.75788847853312
3 211.96653640270233
0 212.25310529388148
3 212.25310529388148
1 212.43965295513902
0 212.6627219230672
1 212.75788847853312
0 212.96653640270233
0 213.25310529388148
1 213.25310529388148
2 213.43965295513902
0 213.6627219230672
0 213.75788847853312
2 213.96653640270233
2 214.06799395480456
1 214.46938200724742
3 214.61943370471297
