title
artist
145 60 2
0 0.027262439931205886
0 0.2814450769848675
1 0.33559796247099105
1 0.7085598222394415
2 0.7085598222394415
1 0.8002355926848077
1 0.985077751800418
0 1.1631073240980823
0 1.2425972892154087
3 1.6049742362555666
1 1.7351539135493064
0 1.7351539135493064
3 1.9088806882500648
2 2.417887807887562
1 2.417887807887562
0 2.7569178834016093
2 2.840957373380661
3 3.1389074268012385
0 3.227109994805905
0 3.6233453015450032
1 3.6803483415685037
3 3.6803483415685037
2 3.9302552342414856
1 4.356104140372203
0 4.527863439432304
3 4.72150467403101
0 4.847663074731827
3 5.228598395733544
2 5.228598395733544
3 5.665949608857602
2 5.665949608857602
1 5.665949608857602
3 5.86091211438179
2 6.262142960980393
0 6.394539123003705
0 6.565540462331459
2 6.726409527447611
1 6.8319030702114105
2 7.319379993220094
0 7.319379993220094
0 7.733536023586675
2 7.876606114208698
1 8.085107959325295
2 8.300297536275966
0 8.300297536275966
0 8.381038919360734
2 8.70351832402387
0 8.757949677488684
2 8.757949677488684
2 8.94925893843174
1 9.056570748212488
0 9.253105293881482
3 9.253105293881482
2 9.439652955139024
0 9.439652955139024
0 9.6627219230672
2 9.757888528914428
3 9.757888528914428
3 9.966536402702332
0 10.056570748212488
0 10.253105293881482
3 10.253105293881482
3 10.439652955139024
0 10.439652955139024
2 10.6627219230672
3 10.757888528914428
1 10.757888528914428
1 10.966536402702332
2 11.056570748212488
0 11.253105293881482
3 11.253105293881482
1 11.439652955139024
2 11.439652955139024
2 11.6627219230672
3 11.757888528914428
2 11.757888528914428
1 11.966536402702332
0 12.033463597297668
1 12.14972072839737
2 12.14972072839737
3 12.260070264339447
2 12.260070264339447
3 12.39202344417572
0 12.448317855596542
3 12.448317855596542
2 12.571740448474884
0 12.666305336356164
1 12.855435112118721
0 13.139129775762559
1 13.517389327287674
0 13.033463597297668
1 13.14972072839737
3 13.14972072839737
3 13.260070264339447
0 13.260070264339447
1 13.39202344417572
0 13.448317855596542
3 13.448317855596542
3 13.571740448474884
3 13.647392358779907
0 13.798696179389953
3 14.025651910305022
1 14.328259551525116
0 14.706519103050232
0 14.033463597297668
2 14.14972072839737
1 14.14972072839737
0 14.260070264339447
2 14.260070264339447
0 14.39202344417572
3 14.448317855596542
2 14.448317855596542
2 14.571740448474884
2 14.625777527264187
2 14.73385168484279
3 14.895962921210698
0 15.112111236367907
2 15.382296630314418
0 15.706519103050232
0 16.08477865457535
1 15.033463597297668
2 15.14972072839737
0 15.14972072839737
2 15.260070264339447
1 15.260070264339447
2 15.39202344417572
0 15.448317855596542
2 15.448317855596542
0 15.571740448474884
1 15.625777527264187
1 15.73385168484279
2 15.895962921210698
0 16.112111236367905
0 16.382296630314418
2 16.706519103050233
3 17.08477865457535
3 16.03346359729767
2 16.14972072839737
1 16.14972072839737
3 16.260070264339447
2 16.260070264339447
2 16.39202344417572
0 16.448317855596542
3 16.448317855596542
0 16.571740448474884
2 16.625777527264187
2 16.73385168484279
3 16.895962921210696
1 17.112111236367905
2 17.382296630314418
0 17.706519103050233
2 18.08477865457535
1 17.03346359729767
3 17.14972072839737
1 17.14972072839737
0 17.260070264339447
3 17.260070264339447
1 17.39202344417572
2 17.448317855596542
0 17.448317855596542
1 17.571740448474884
3 17.697826965649924
1 17.95
2 18.328259551525115
1 18.05657074821249
1 18.253105293881482
0 18.253105293881482
3 18.439652955139024
2 18.439652955139024
0 18.6627219230672
2 18.757888528914428
1 18.757888528914428
2 18.96653640270233
0 19.03346359729767
3 19.14972072839737
2 19.14972072839737
1 19.260070264339447
2 19.260070264339447
0 19.39202344417572
0 19.448317855596542
3 19.448317855596542
0 19.571740448474884
0 19.666305336356164
1 19.85543511211872
3 20.13912977576256
2 20.517389327287674
3 20.03346359729767
0 20.14972072839737
3 20.14972072839737
3 20.260070264339447
1 20.260070264339447
2 20.39202344417572
1 20.448317855596542
2 20.448317855596542
3 20.571740448474884
0 20.571740448474884
2 20.713587780296802
3 20.85543511211872
1 21.04456488788128
3 21.280977107584476
2 21.564671771228312
2 21.89564887881279
3 22.273908430337904
0 21.03346359729767
2 21.14972072839737
1 21.14972072839737
0 21.260070264339447
1 21.260070264339447
2 21.39202344417572
0 21.448317855596542
3 21.448317855596542
2 21.571740448474884
1 21.666305336356164
1 21.85543511211872
1 22.13912977576256
3 22.517389327287674
3 22.05657074821249
3 22.253105293881482
2 22.253105293881482
2 22.439652955139024
0 22.439652955139024
0 22.6627219230672
0 22.757888528914428
3 22.757888528914428
2 22.96653640270233
3 23.05657074821249
3 23.253105293881482
0 23.253105293881482
0 23.439652955139024
1 23.439652955139024
1 23.6627219230672
2 23.757888528914428
1 23.757888528914428
0 23.96653640270233
0 24.05657074821249
1 24.253105293881482
2 24.253105293881482
1 24.439652955139024
3 24.439652955139024
2 24.6627219230672
3 24.757888528914428
2 24.757888528914428
0 24.96653640270233
1 25.05657074821249
0 25.253105293881482
3 25.253105293881482
0 25.439652955139024
1 25.439652955139024
1 25.6627219230672
0 25.757888528914428
3 25.757888528914428
0 25.96653640270233
1 26.05657074821249
0 26.253105293881482
2 26.253105293881482
1 26.439652955139024
2 26.439652955139024
2 26.6627219230672
1 26.757888528914428
2 26.757888528914428
0 26.96653640270233
2 27.05657074821249
0 27.253105293881482
3 27.253105293881482
1 27.439652955139024
0 27.439652955139024
1 27.6627219230672
1 27.757888528914428
3 27.757888528914428
0 27.96653640270233
2 28.05657074821249
0 28.253105293881482
2 28.253105293881482
2 28.439652955139024
3 28.439652955139024
3 28.6627219230672
3 28.757888528914428
2 28.757888528914428
0 28.96653640270233
0 29.05657074821249
1 29.253105293881482
2 29.253105293881482
1 29.439652955139024
3 29.439652955139024
1 29.6627219230672
3 29.757888528914428
2 29.757888528914428
2 29.96653640270233
0 30.05657074821249
3 30.253105293881482
2 30.253105293881482
3 30.439652955139024
1 30.439652955139024
1 30.6627219230672
3 30.757888528914428
0 30.757888528914428
0 30.96653640270233
0 31.05657074821249
3 31.253105293881482
2 31.253105293881482
1 31.439652955139024
2 31.439652955139024
1 31.6627219230672
1 31.757888528914428
0 31.757888528914428
2 31.96653640270233
2 32.056570748212486
2 32.25310529388148
3 32.25310529388148
1 32.439652955139024
2 32.439652955139024
3 32.6627219230672
0 32.75788852891443
2 32.75788852891443
3 32.96653640270233
1 33.056570748212486
3 33.25310529388148
2 33.25310529388148
0 33.439652955139024
1 33.439652955139024
1 33.6627219230672
1 33.75788852891443
2 33.75788852891443
0 33.96653640270233
0 34.056570748212486
2 34.25310529388148
0 34.25310529388148
3 34.439652955139024
2 34.439652955139024
2 34.6627219230672
2 34.75788852891443
0 34.75788852891443
3 34.96653640270233
0 35.056570748212486
1 35.25310529388148
0 35.25310529388148
2 35.439652955139024
0 35.439652955139024
2 35.6627219230672
3 35.75788852891443
0 35.75788852891443
2 35.96653640270233
3 36.056570748212486
1 36.25310529388148
3 36.25310529388148
1 36.439652955139024
3 36.439652955139024
1 36.6627219230672
1 36.75788852891443
3 36.75788852891443
0 36.96653640270233
1 37.056570748212486
0 37.25310529388148
1 37.25310529388148
3 37.439652955139024
2 37.439652955139024
1 37.6627219230672
3 37.75788852891443
1 37.75788852891443
1 37.96653640270233
3 38.056570748212486
2 38.25310529388148
0 38.25310529388148
0 38.439652955139024
3 38.439652955139024
0 38.6627219230672
2 38.75788852891443
3 38.75788852891443
3 38.96653640270233
3 39.056570748212486
3 39.25310529388148
2 39.25310529388148
0 39.439652955139024
2 39.439652955139024
3 39.6627219230672
0 39.75788852891443
1 39.75788852891443
3 39.96653640270233
1 40.056570748212486
1 40.25310529388148
3 40.25310529388148
3 40.439652955139024
0 40.439652955139024
3 40.6627219230672
3 40.75788852891443
2 40.75788852891443
2 40.96653640270233
2 41.17438683164366
2 41.285784055236576
3 41.285784055236576
3 41.64704500379583
1 41.64704500379583
0 41.64704500379583
2 41.8927938491106
3 42.056570748212486
2 42.25310529388148
3 42.25310529388148
0 42.439652955139024
2 42.439652955139024
2 42.6627219230672
2 42.75788852891443
1 42.75788852891443
2 42.96653640270233
0 43.11515902807847
2 43.297800870132725
2 43.358893487607105
3 43.358893487607105
0 43.662814697556776
1 43.72653850333446
2 43.77819401480903
1 43.92986086010933
2 44.056570748212486
2 44.25310529388148
3 44.25310529388148
0 44.439652955139024
2 44.439652955139024
3 44.6627219230672
0 44.75788852891443
3 44.75788852891443
3 44.96653640270233
2 45.056570748212486
1 45.25310529388148
0 45.25310529388148
0 45.439652955139024
3 45.439652955139024
0 45.6627219230672
1 45.75788852891443
2 45.75788852891443
0 45.96653640270233
3 46.056570748212486
0 46.25310529388148
3 46.25310529388148
2 46.439652955139024
1 46.439652955139024
0 46.6627219230672
2 46.75788852891443
1 46.75788852891443
3 46.96653640270233
0 47.056570748212486
0 47.25310529388148
2 47.25310529388148
0 47.439652955139024
3 47.439652955139024
1 47.6627219230672
2 47.75788852891443
1 47.75788852891443
3 47.96653640270233
1 48.102154182294164
3 48.302028720787554
1 48.302028720787554
1 48.39657715833758
1 48.67850401778789
1 48.747180198670534
3 48.747180198670534
2 48.9382238984108
0 49.056570748212486
2 49.25310529388148
0 49.25310529388148
1 49.439652955139024
3 49.439652955139024
3 49.6627219230672
2 49.75788852891443
1 49.75788852891443
1 49.96653640270233
3 50.016378735536605
1 50.228440555876325
2 50.29138584607719
1 50.430941997335125
3 50.430941997335125
0 50.685096847530836
3 50.770238552314396
2 50.770238552314396
3 50.990827860310674
2 51.056570748212486
3 51.25310529388148
1 51.25310529388148
2 51.439652955139024
3 51.439652955139024
1 51.6627219230672
3 51.75788852891443
2 51.75788852891443
0 51.96653640270233
1 52.056570748212486
3 52.25310529388148
1 52.25310529388148
2 52.439652955139024
0 52.439652955139024
0 52.6627219230672
3 52.75788852891443
1 52.75788852891443
0 52.96653640270233
1 53.056570748212486
1 53.25310529388148
3 53.25310529388148
2 53.439652955139024
0 53.439652955139024
2 53.6627219230672
1 53.75788852891443
0 53.75788852891443
2 53.96653640270233
0 54.056570748212486
0 54.25310529388148
2 54.25310529388148
2 54.439652955139024
0 54.439652955139024
1 54.6627219230672
3 54.75788852891443
0 54.75788852891443
3 54.96653640270233
2 55.056570748212486
2 55.25310529388148
1 55.25310529388148
1 55.439652955139024
3 55.439652955139024
0 55.6627219230672
3 55.75788852891443
2 55.75788852891443
0 55.96653640270233
2 56.056570748212486
2 56.25310529388148
1 56.25310529388148
0 56.439652955139024
3 56.439652955139024
2 56.6627219230672
2 56.75788852891443
1 56.75788852891443
1 56.96653640270233
3 57.10278071961457
1 57.28572013570841
0 57.352182977007644
3 57.352182977007644
3 57.673790087021224
1 57.673790087021224
1 57.77616349564741
2 57.942225232720375
0 58.056570748212486
0 58.25310529388148
1 58.25310529388148
3 58.439652955139024
0 58.439652955139024
3 58.6627219230672
2 58.75788852891443
1 58.75788852891443
3 58.96653640270233
0 59.056570748212486
3 59.25310529388148
2 59.25310529388148
3 59.439652955139024
1 59.439652955139024
0 59.6627219230672
3 59.75788852891443
1 59.75788852891443
1 59.96653640270233
0 60.09225385701107
2 60.294262842261745
3 60.294262842261745
3 60.396554051274734
3 60.67487882193709
3 60.727204313932695
1 60.78036653827572
3 60.94639131426811
2 61.056570748212486
2 61.25310529388148
0 61.25310529388148
1 61.439652955139024
2 61.439652955139024
3 61.6627219230672
2 61.75788852891443
1 61.75788852891443
0 61.96653640270233
2 62.03349322080612
2 62.14977724850178
0 62.14977724850178
0 62.260170727968216
3 62.260170727968216
0 62.39198115468025
1 62.44816970825195
0 62.44816970825195
0 62.57180064916611
3 62.697867099444075
1 62.95
2 63.32819935083389
2 63.056570748212486
3 63.25310529388148
2 63.25310529388148
2 63.439652955139024
1 63.439652955139024
3 63.6627219230672
0 63.75788852891443
2 63.75788852891443
3 63.96653640270233
1 64.0565707482125
1 64.25310529388149
3 64.25310529388149
1 64.43965295513902
2 64.43965295513902
3 64.6627219230672
3 64.75788852891444
0 64.75788852891444
2 64.96653640270233
3 65.0565707482125
0 65.25310529388149
2 65.25310529388149
2 65.43965295513902
3 65.43965295513902
2 65.6627219230672
1 65.75788852891444
2 65.75788852891444
3 65.96653640270233
0 66.0565707482125
2 66.25310529388149
0 66.25310529388149
0 66.43965295513902
1 66.43965295513902
1 66.6627219230672
1 66.75788852891444
3 66.75788852891444
0 66.96653640270233
0 67.0565707482125
3 67.25310529388149
2 67.25310529388149
2 67.43965295513902
3 67.43965295513902
2 67.6627219230672
0 67.75788852891444
1 67.75788852891444
1 67.96653640270233
2 68.03346359729767
3 68.14972072839737
0 68.14972072839737
0 68.26007026433945
2 68.26007026433945
2 68.39202344417572
3 68.44831785559654
0 68.44831785559654
0 68.57174044847488
1 68.69782696564992
0 68.95
2 69.32825955152512
3 69.0565707482125
0 69.25310529388149
3 69.25310529388149
3 69.43965295513902
2 69.43965295513902
1 69.6627219230672
3 69.75788852891444
0 69.75788852891444
3 69.96653640270233
3 70.0565707482125
0 70.25310529388149
3 70.25310529388149
3 70.43965295513902
1 70.43965295513902
3 70.6627219230672
3 70.75788852891444
1 70.75788852891444
1 70.96653640270233
3 71.0565707482125
1 71.25310529388149
2 71.25310529388149
2 71.43965295513902
3 71.43965295513902
1 71.6627219230672
3 71.75788852891444
2 71.75788852891444
0 71.96653640270233
1 72.0565707482125
2 72.25310529388149
1 72.25310529388149
3 72.43965295513902
0 72.43965295513902
3 72.6627219230672
0 72.75788852891444
1 72.75788852891444
2 72.96653640270233
3 73.0565707482125
0 73.25310529388149
2 73.25310529388149
3 73.43965295513902
2 73.43965295513902
3 73.6627219230672
2 73.75788852891444
0 73.75788852891444
2 73.96653640270233
1 74.04981284520397
2 74.2484984042346
0 74.2484984042346
1 74.4390653764833
3 74.4390653764833
1 74.66681776039128
3 74.76040599947312
0 74.76040599947312
1 74.97067982144654
1 75.0565707482125
1 75.25310529388149
0 75.25310529388149
3 75.43965295513902
1 75.43965295513902
1 75.6627219230672
0 75.75788852891444
3 75.75788852891444
0 75.96653640270233
2 76.0565707482125
3 76.25310529388149
0 76.25310529388149
0 76.43965295513902
2 76.43965295513902
1 76.6627219230672
3 76.75788852891444
2 76.75788852891444
1 76.96653640270233
0 77.0565707482125
1 77.25310529388149
0 77.25310529388149
0 77.43965295513902
3 77.43965295513902
3 77.6627219230672
3 77.75788852891444
1 77.75788852891444
3 77.96653640270233
1 78.0565707482125
3 78.25310529388149
0 78.25310529388149
1 78.43965295513902
0 78.43965295513902
2 78.6627219230672
1 78.75788852891444
3 78.75788852891444
1 78.96653640270233
2 79.0565707482125
2 79.25310529388149
1 79.25310529388149
1 79.43965295513902
0 79.43965295513902
0 79.6627219230672
0 79.75788852891444
1 79.75788852891444
3 79.96653640270233
3 80.0565707482125
0 80.25310529388149
2 80.25310529388149
1 80.43965295513902
2 80.43965295513902
0 80.6627219230672
1 80.75788852891444
3 80.75788852891444
3 80.96653640270233
0 81.0565707482125
0 81.25310529388149
1 81.25310529388149
3 81.43965295513902
1 81.43965295513902
1 81.6627219230672
0 81.75788852891444
3 81.75788852891444
2 81.96653640270233
3 82.03346359729767
3 82.14972072839737
1 82.14972072839737
3 82.26007026433945
1 82.26007026433945
3 82.39202344417572
3 82.44831785559654
0 82.44831785559654
3 82.57174044847488
3 82.66630533635616
2 82.85543511211873
1 83.13912977576256
2 83.51738932728767
1 83.0565707482125
1 83.25310529388149
2 83.25310529388149
3 83.43965295513902
0 83.43965295513902
0 83.6627219230672
1 83.75788852891444
3 83.75788852891444
0 83.96653640270233
3 84.0565707482125
3 84.25310529388149
1 84.25310529388149
0 84.43965295513902
3 84.43965295513902
1 84.6627219230672
3 84.75788852891444
0 84.75788852891444
2 84.96653640270233
2 85.0565707482125
2 85.25310529388149
1 85.25310529388149
2 85.43965295513902
3 85.43965295513902
3 85.6627219230672
3 85.75788852891444
1 85.75788852891444
0 85.96653640270233
3 86.0565707482125
1 86.25310529388149
0 86.25310529388149
2 86.43965295513902
0 86.43965295513902
0 86.6627219230672
3 86.75788852891444
0 86.75788852891444
0 86.96653640270233
2 87.0565707482125
1 87.25310529388149
3 87.25310529388149
3 87.43965295513902
0 87.43965295513902
3 87.6627219230672
2 87.75788852891444
1 87.75788852891444
3 87.96653640270233
1 88.03346359729767
1 88.14972072839737
3 88.14972072839737
0 88.26007026433945
3 88.26007026433945
1 88.39202344417572
3 88.44831785559654
1 88.44831785559654
3 88.57174044847488
2 88.69782696564992
0 88.95
3 89.32825955152512
0 89.0565707482125
2 89.25310529388149
1 89.25310529388149
2 89.43965295513902
3 89.43965295513902
0 89.6627219230672
2 89.75788852891444
0 89.75788852891444
0 89.96653640270233
2 90.0565707482125
3 90.25310529388149
2 90.25310529388149
2 90.43965295513902
1 90.43965295513902
2 90.6627219230672
2 90.75788852891444
0 90.75788852891444
0 90.96653640270233
0 91.0565707482125
1 91.25310529388149
2 91.25310529388149
1 91.43965295513902
0 91.43965295513902
1 91.6627219230672
3 91.75788852891444
1 91.75788852891444
1 91.96653640270233
3 92.0565707482125
3 92.25310529388149
0 92.25310529388149
2 92.43965295513902
0 92.43965295513902
2 92.6627219230672
3 92.75788852891444
2 92.75788852891444
3 92.96653640270233
2 93.0565707482125
2 93.25310529388149
3 93.25310529388149
0 93.43965295513902
3 93.43965295513902
0 93.6627219230672
1 93.75788852891444
3 93.75788852891444
1 93.96653640270233
2 94.0565707482125
1 94.25310529388149
2 94.25310529388149
3 94.43965295513902
1 94.43965295513902
3 94.6627219230672
1 94.75788852891444
2 94.75788852891444
3 94.96653640270233
3 95.15656088806989
3 95.25975655580763
2 95.35540623520247
3 95.40730190205426
2 95.63431152577792
0 95.69544648536855
2 95.69544648536855
2 95.90697476267815
2 96.05330740506291
3 96.25061413554084
2 96.31561360551572
3 96.68803602231701
1 96.68803602231701
0 96.76211392038009
2 96.97305156104267
0 97.0565695251334
3 97.25306591549297
0 97.25306591549297
3 97.43960250561358
0 97.43960250561358
3 97.66278730740434
3 97.75791320904635
2 97.75791320904635
2 97.96653753519058
3 98.03231839408934
2 98.23801342938289
1 98.28814474667823
2 98.43411768864891
1 98.43411768864891
3 98.67663454897553
3 98.76652081262408
2 98.76652081262408
2 98.98146617598832
2 99.0565707482125
3 99.25310529388149
1 99.25310529388149
0 99.43965295513902
2 99.43965295513902
2 99.6627219230672
0 99.75788852891444
2 99.75788852891444
2 99.96653640270233
3 100.0565707482125
2 100.25310529388149
0 100.25310529388149
0 100.43965295513902
1 100.43965295513902
0 100.6627219230672
1 100.75788852891444
3 100.75788852891444
3 100.96653640270233
3 101.0565707482125
0 101.25310529388149
2 101.25310529388149
0 101.43965295513902
3 101.43965295513902
3 101.6627219230672
3 101.75788852891444
2 101.75788852891444
3 101.96653640270233
1 102.0565707482125
1 102.25310529388149
0 102.25310529388149
3 102.43965295513902
2 102.43965295513902
1 102.6627219230672
3 102.75788852891444
0 102.75788852891444
2 102.96653640270233
3 103.0565707482125
2 103.25310529388149
1 103.25310529388149
2 103.43965295513902
1 103.43965295513902
0 103.6627219230672
2 103.75788852891444
1 103.75788852891444
2 103.96653640270233
2 104.03346359729767
3 104.14972072839737
1 104.14972072839737
2 104.26007026433945
0 104.26007026433945
0 104.39202344417572
1 104.44831785559654
3 104.44831785559654
1 104.57174044847488
2 104.66630533635616
3 104.85543511211873
3 105.13912977576256
0 105.51738932728767
1 105.03346359729767
1 105.14972072839737
3 105.14972072839737
1 105.26007026433945
2 105.26007026433945
0 105.39202344417572
0 105.44831785559654
1 105.44831785559654
3 105.57174044847488
3 105.69782696564992
3 105.95
1 106.32825955152512
1 106.0565707482125
2 106.25310529388149
0 106.25310529388149
2 106.43965295513902
1 106.43965295513902
3 106.6627219230672
0 106.75788852891444
1 106.75788852891444
0 106.96653640270233
2 107.0565707482125
3 107.25310529388149
1 107.25310529388149
1 107.43965295513902
3 107.43965295513902
1 107.6627219230672
0 107.75788852891444
2 107.75788852891444
1 107.96653640270233
2 108.0565707482125
3 108.25310529388149
1 108.25310529388149
2 108.43965295513902
3 108.43965295513902
3 108.6627219230672
1 108.75788852891444
0 108.75788852891444
1 108.96653640270233
2 109.0565707482125
2 109.25310529388149
3 109.25310529388149
2 109.43965295513902
3 109.43965295513902
0 109.6627219230672
3 109.75788852891444
2 109.75788852891444
0 109.96653640270233
1 110.0565707482125
2 110.25310529388149
3 110.25310529388149
3 110.43965295513902
0 110.43965295513902
1 110.6627219230672
2 110.75788852891444
1 110.75788852891444
1 110.96653640270233
1 111.0565707482125
1 111.25310529388149
0 111.25310529388149
3 111.43965295513902
1 111.43965295513902
2 111.6627219230672
1 111.75788852891444
0 111.75788852891444
2 111.96653640270233
2 112.0565707482125
3 112.25310529388149
0 112.25310529388149
2 112.43965295513902
3 112.43965295513902
0 112.6627219230672
0 112.75788852891444
1 112.75788852891444
3 112.96653640270233
2 113.0565707482125
3 113.25310529388149
1 113.25310529388149
2 113.43965295513902
1 113.43965295513902
1 113.6627219230672
0 113.75788852891444
3 113.75788852891444
3 113.96653640270233
1 114.0565707482125
2 114.25310529388149
1 114.25310529388149
3 114.43965295513902
0 114.43965295513902
3 114.6627219230672
3 114.75788852891444
1 114.75788852891444
1 114.96653640270233
3 115.0565707482125
0 115.25310529388149
3 115.25310529388149
2 115.43965295513902
0 115.43965295513902
2 115.6627219230672
0 115.75788852891444
1 115.75788852891444
2 115.96653640270233
3 116.0565707482125
3 116.25310529388149
0 116.25310529388149
1 116.43965295513902
2 116.43965295513902
0 116.6627219230672
1 116.75788852891444
2 116.75788852891444
2 116.96653640270233
0 117.03346359729767
0 117.14972072839737
2 117.14972072839737
0 117.26007026433945
3 117.26007026433945
1 117.39202344417572
2 117.44831785559654
1 117.44831785559654
2 117.57174044847488
0 117.66630533635616
1 117.85543511211873
2 118.13912977576256
2 118.51738932728767
0 118.03346359729767
2 118.14972072839737
3 118.14972072839737
1 118.26007026433945
2 118.26007026433945
3 118.39202344417572
0 118.44831785559654
2 118.44831785559654
0 118.57174044847488
0 118.6347837070624
1 118.76087022423744
0 118.95
3 119.20217303435008
1 119.51738932728767
3 119.89564887881279
0 119.03346359729767
0 119.14972072839737
2 119.14972072839737
0 119.26007026433945
2 119.26007026433945
3 119.39202344417572
3 119.44831785559654
0 119.44831785559654
2 119.57174044847488
3 119.69782696564992
1 119.95
2 120.32825955152512
0 120.0565707482125
0 120.25310529388149
1 120.25310529388149
2 120.43965295513902
3 120.43965295513902
0 120.6627219230672
3 120.75788852891444
0 120.75788852891444
1 120.96653640270233
1 121.0565707482125
1 121.25310529388149
0 121.25310529388149
0 121.43965295513902
1 121.43965295513902
3 121.6627219230672
0 121.75788852891444
1 121.75788852891444
3 121.96653640270233
3 122.0565707482125
2 122.25310529388149
3 122.25310529388149
1 122.43965295513902
2 122.43965295513902
2 122.6627219230672
0 122.75788852891444
2 122.75788852891444
2 122.96653640270233
0 123.0565707482125
3 123.25310529388149
0 123.25310529388149
3 123.43965295513902
1 123.43965295513902
0 123.6627219230672
3 123.75788852891444
1 123.75788852891444
2 123.96653640270233
0 124.0565707482125
3 124.25310529388149
1 124.25310529388149
2 124.43965295513902
3 124.43965295513902
1 124.6627219230672
3 124.75788852891444
2 124.75788852891444
1 124.96653640270233
3 125.0565707482125
2 125.25310529388149
3 125.25310529388149
0 125.43965295513902
2 125.43965295513902
2 125.6627219230672
0 125.75788852891444
1 125.75788852891444
3 125.96653640270233
3 126.0565707482125
0 126.25310529388149
2 126.25310529388149
0 126.43965295513902
2 126.43965295513902
1 126.6627219230672
2 126.75788852891444
0 126.75788852891444
0 126.96653640270233
2 127.0565707482125
1 127.25310529388149
0 127.25310529388149
2 127.43965295513902
0 127.43965295513902
3 127.6627219230672
0 127.75788852891444
1 127.75788852891444
2 127.96653640270233
0 128.0565707482125
3 128.25310529388148
1 128.25310529388148
2 128.43965295513902
0 128.43965295513902
2 128.6627219230672
2 128.75788847853312
0 128.75788847853312
3 128.96653640270233
0 129.0565707482125
0 129.25310529388148
2 129.25310529388148
3 129.43965295513902
0 129.43965295513902
2 129.6627219230672
0 129.75788847853312
3 129.75788847853312
1 129.96653640270233
1 130.0565707482125
2 130.25310529388148
0 130.25310529388148
3 130.43965295513902
2 130.43965295513902
2 130.6627219230672
3 130.75788847853312
1 130.75788847853312
1 130.96653640270233
0 131.03346359729767
3 131.14972072839737
2 131.14972072839737
3 131.26007026433945
1 131.26007026433945
3 131.39202344417572
2 131.44831782579422
0 131.44831782579422
3 131.57174044847488
0 131.66630533635617
0 131.85543511211873
2 132.13912977576257
1 132.51738932728767
0 132.03346359729767
1 132.14972072839737
0 132.14972072839737
2 132.26007026433945
0 132.26007026433945
3 132.39202344417572
1 132.44831782579422
2 132.44831782579422
0 132.57174044847488
1 132.6347837070624
0 132.76087022423744
1 132.95
3 133.20217303435007
3 133.51738932728767
3 133.89564887881278
3 133.03346359729767
3 133.14972072839737
0 133.14972072839737
2 133.26007026433945
0 133.26007026433945
3 133.39202344417572
0 133.44831782579422
3 133.44831782579422
3 133.57174044847488
0 133.66630533635617
0 133.85543511211873
1 134.13912977576257
0 134.51738932728767
3 134.0565707482125
2 134.25310529388148
3 134.25310529388148
3 134.43965295513902
0 134.43965295513902
0 134.6627219230672
1 134.75788847853312
2 134.75788847853312
2 134.96653640270233
2 135.0565707482125
3 135.25310529388148
1 135.25310529388148
1 135.43965295513902
2 135.43965295513902
0 135.6627219230672
0 135.75788847853312
3 135.75788847853312
0 135.96653640270233
1 136.0565707482125
3 136.25310529388148
2 136.25310529388148
1 136.43965295513902
3 136.43965295513902
1 136.6627219230672
1 136.75788847853312
2 136.75788847853312
2 136.96653640270233
2 137.0565707482125
1 137.25310529388148
3 137.25310529388148
2 137.43965295513902
3 137.43965295513902
1 137.6627219230672
3 137.75788847853312
0 137.75788847853312
0 137.96653640270233
2 138.0565707482125
2 138.25310529388148
0 138.25310529388148
3 138.43965295513902
0 138.43965295513902
2 138.6627219230672
3 138.75788847853312
0 138.75788847853312
1 138.96653640270233
3 139.0565707482125
1 139.25310529388148
3 139.25310529388148
0 139.43965295513902
2 139.43965295513902
3 139.6627219230672
1 139.75788847853312
3 139.75788847853312
2 139.96653640270233
0 140.0565707482125
0 140.25310529388148
3 140.25310529388148
0 140.43965295513902
2 140.43965295513902
3 140.6627219230672
1 140.75788847853312
2 140.75788847853312
2 140.96653640270233
0 141.0565707482125
2 141.25310529388148
0 141.25310529388148
3 141.43965295513902
1 141.43965295513902
0 141.6627219230672
2 141.75788847853312
3 141.75788847853312
2 141.96653640270233
2 142.0565707482125
0 142.25310529388148
1 142.25310529388148
3 142.43965295513902
0 142.43965295513902
2 142.6627219230672
2 142.75788847853312
0 142.75788847853312
3 142.96653640270233
2 143.0565707482125
0 143.25310529388148
2 143.25310529388148
0 143.43965295513902
3 143.43965295513902
0 143.6627219230672
2 143.75788847853312
3 143.75788847853312
2 143.96653640270233
0 144.0565707482125
2 144.25310529388148
1 144.25310529388148
1 144.43965295513902
3 144.43965295513902
0 144.6627219230672
0 144.75788847853312
2 144.75788847853312
1 144.96653640270233
0 145.0565707482125
1 145.25310529388148
2 145.25310529388148
0 145.43965295513902
1 145.43965295513902
2 145.6627219230672
0 145.75788847853312
3 145.75788847853312
2 145.96653640270233
1 146.0565707482125
2 146.25310529388148
3 146.25310529388148
3 146.43965295513902
2 146.43965295513902
0 146.6627219230672
3 146.75788847853312
0 146.75788847853312
3 146.96653640270233
2 147.0565707482125
2 147.25310539464408
3 147.25310539464408
2 147.43965315666424
3 147.43965315666424
2 147.66272202382982
2 147.75788832738922
0 147.75788832738922
0 147.96653640270233
2 148.14110642820594
1 148.26345138354588
2 148.32583424318912
2 148.40928763942364
2 148.6411789747998
1 148.70095329528922
2 148.70095329528922
2 148.91719304025173
