title
artist
145 60 2
3 0.027262439931205886
2 0.2814450769848675
0 0.2814450769848675
3 0.7085598222394415
1 0.7085598222394415
0 0.7085598222394415
3 0.985077751800418
2 1.1631073240980823
3 1.1631073240980823
2 1.6049742362555666
2 1.7351539135493064
3 1.7351539135493064
3 1.9088806882500648
3 2.417887807887562
1 2.417887807887562
2 2.7569178834016093
1 2.7569178834016093
2 3.1389074268012385
3 3.1389074268012385
0 3.6233453015450032
2 3.6233453015450032
0 3.6233453015450032
1 3.9302552342414856
3 4.356104140372203
3 4.527863439432304
2 4.72150467403101
0 4.847663074731827
0 5.228598395733544
3 5.228598395733544
1 5.665949608857602
2 5.665949608857602
0 5.665949608857602
1 5.86091211438179
1 6.262142960980393
3 6.394539123003705
1 6.565540462331459
0 6.726409527447611
0 6.8319030702114105
1 7.319379993220094
2 7.319379993220094
2 7.733536023586675
2 7.876606114208698
3 8.085107959325295
1 8.300297536275966
3 8.300297536275966
0 8.300297536275966
3 8.70351832402387
0 8.70351832402387
3 8.70351832402387
1 8.94925893843174
1 9.056570748212488
2 9.253105293881482
0 9.253105293881482
2 9.439652955139024
3 9.439652955139024
0 9.6627219230672
1 9.6627219230672
2 9.6627219230672
2 9.966536402702332
2 10.056570748212488
2 10.253105293881482
1 10.253105293881482
0 10.439652955139024
1 10.439652955139024
2 10.6627219230672
0 10.6627219230672
3 10.6627219230672
1 10.966536402702332
1 11.056570748212488
1 11.253105293881482
2 11.253105293881482
3 11.439652955139024
1 11.439652955139024
3 11.6627219230672
1 11.6627219230672
3 11.6627219230672
1 11.966536402702332
3 12.056570748212488
1 12.253105293881482
0 12.253105293881482
3 12.439652955139024
2 12.439652955139024
0 12.6627219230672
3 12.6627219230672
2 12.6627219230672
1 12.966536402702332
0 13.056570748212488
3 13.253105293881482
2 13.253105293881482
0 13.439652955139024
3 13.439652955139024
1 13.6627219230672
2 13.6627219230672
3 13.6627219230672
1 13.966536402702332
0 14.056570748212488
3 14.253105293881482
2 14.253105293881482
1 14.439652955139024
3 14.439652955139024
1 14.6627219230672
2 14.6627219230672
0 14.6627219230672
3 14.966536402702332
3 15.056570748212488
3 15.253105293881482
2 15.253105293881482
3 15.439652955139024
2 15.439652955139024
3 15.6627219230672
1 15.6627219230672
3 15.6627219230672
0 15.966536402702332
1 16.05657074821249
1 16.253105293881482
3 16.253105293881482
1 16.439652955139024
3 16.439652955139024
1 16.6627219230672
0 16.6627219230672
3 16.6627219230672
2 16.96653640270233
2 17.05657074821249
2 17.253105293881482
0 17.253105293881482
2 17.439652955139024
3 17.439652955139024
0 17.6627219230672
1 17.6627219230672
2 17.6627219230672
1 17.96653640270233
2 18.05657074821249
2 18.253105293881482
0 18.253105293881482
0 18.439652955139024
1 18.439652955139024
0 18.6627219230672
1 18.6627219230672
0 18.6627219230672
0 18.96653640270233
2 19.05657074821249
0 19.253105293881482
3 19.253105293881482
1 19.439652955139024
0 19.439652955139024
1 19.6627219230672
2 19.6627219230672
0 19.6627219230672
0 19.96653640270233
3 20.05657074821249
3 20.253105293881482
0 20.253105293881482
2 20.439652955139024
1 20.439652955139024
3 20.6627219230672
2 20.6627219230672
3 20.6627219230672
2 20.96653640270233
3 21.05657074821249
0 21.253105293881482
2 21.253105293881482
2 21.439652955139024
1 21.439652955139024
3 21.6627219230672
2 21.6627219230672
1 21.6627219230672
1 21.96653640270233
3 22.05657074821249
2 22.253105293881482
3 22.253105293881482
2 22.439652955139024
0 22.439652955139024
0 22.6627219230672
2 22.6627219230672
3 22.6627219230672
3 22.96653640270233
0 23.05657074821249
3 23.253105293881482
1 23.253105293881482
3 23.439652955139024
2 23.439652955139024
0 23.6627219230672
2 23.6627219230672
3 23.6627219230672
1 23.96653640270233
0 24.05657074821249
2 24.253105293881482
3 24.253105293881482
1 24.439652955139024
2 24.439652955139024
2 24.6627219230672
0 24.6627219230672
3 24.6627219230672
1 24.96653640270233
1 25.05657074821249
1 25.253105293881482
2 25.253105293881482
0 25.439652955139024
3 25.439652955139024
2 25.6627219230672
1 25.6627219230672
3 25.6627219230672
1 25.96653640270233
3 26.05657074821249
2 26.253105293881482
1 26.253105293881482
0 26.439652955139024
3 26.439652955139024
0 26.6627219230672
3 26.6627219230672
2 26.6627219230672
0 26.96653640270233
0 27.05657074821249
1 27.253105293881482
0 27.253105293881482
0 27.439652955139024
2 27.439652955139024
1 27.6627219230672
2 27.6627219230672
0 27.6627219230672
1 27.96653640270233
1 28.05657074821249
0 28.253105293881482
1 28.253105293881482
3 28.439652955139024
0 28.439652955139024
0 28.6627219230672
3 28.6627219230672
2 28.6627219230672
1 28.96653640270233
2 29.05657074821249
0 29.253105293881482
2 29.253105293881482
3 29.439652955139024
0 29.439652955139024
3 29.6627219230672
0 29.6627219230672
1 29.6627219230672
3 29.96653640270233
1 30.05657074821249
3 30.253105293881482
2 30.253105293881482
1 30.439652955139024
3 30.439652955139024
0 30.6627219230672
2 30.6627219230672
1 30.6627219230672
3 30.96653640270233
2 31.05657074821249
2 31.253105293881482
0 31.253105293881482
1 31.439652955139024
3 31.439652955139024
1 31.6627219230672
3 31.6627219230672
0 31.6627219230672
0 31.96653640270233
2 32.056570748212486
0 32.25310529388148
1 32.25310529388148
0 32.439652955139024
2 32.439652955139024
1 32.6627219230672
2 32.6627219230672
0 32.6627219230672
0 32.96653640270233
1 33.056570748212486
3 33.25310529388148
1 33.25310529388148
1 33.439652955139024
0 33.439652955139024
0 33.6627219230672
2 33.6627219230672
0 33.6627219230672
1 33.96653640270233
3 34.056570748212486
2 34.25310529388148
1 34.25310529388148
1 34.439652955139024
0 34.439652955139024
2 34.6627219230672
0 34.6627219230672
2 34.6627219230672
0 34.96653640270233
2 35.056570748212486
3 35.25310529388148
0 35.25310529388148
0 35.439652955139024
2 35.439652955139024
0 35.6627219230672
3 35.6627219230672
1 35.6627219230672
2 35.96653640270233
2 36.056570748212486
1 36.25310529388148
3 36.25310529388148
2 36.439652955139024
1 36.439652955139024
1 36.6627219230672
2 36.6627219230672
3 36.6627219230672
3 36.96653640270233
0 37.056570748212486
2 37.25310529388148
1 37.25310529388148
0 37.439652955139024
3 37.439652955139024
1 37.6627219230672
0 37.6627219230672
1 37.6627219230672
0 37.96653640270233
3 38.056570748212486
2 38.25310529388148
1 38.25310529388148
0 38.439652955139024
1 38.439652955139024
0 38.6627219230672
1 38.6627219230672
0 38.6627219230672
3 38.96653640270233
1 39.056570748212486
0 39.25310529388148
1 39.25310529388148
0 39.439652955139024
3 39.439652955139024
1 39.6627219230672
2 39.6627219230672
1 39.6627219230672
1 39.96653640270233
2 40.056570748212486
0 40.25310529388148
3 40.25310529388148
0 40.439652955139024
1 40.439652955139024
1 40.6627219230672
0 40.6627219230672
2 40.6627219230672
0 40.96653640270233
1 41.17438683164366
0 41.285784055236576
3 41.285784055236576
0 41.64704500379583
1 41.64704500379583
3 41.64704500379583
1 41.8927938491106
0 42.056570748212486
1 42.25310529388148
2 42.25310529388148
0 42.439652955139024
3 42.439652955139024
1 42.6627219230672
2 42.6627219230672
0 42.6627219230672
3 42.96653640270233
2 43.11515902807847
2 43.297800870132725
1 43.297800870132725
3 43.297800870132725
3 43.662814697556776
0 43.662814697556776
3 43.662814697556776
0 43.92986086010933
1 44.056570748212486
0 44.25310529388148
3 44.25310529388148
2 44.439652955139024
3 44.439652955139024
2 44.6627219230672
3 44.6627219230672
1 44.6627219230672
1 44.96653640270233
3 45.056570748212486
2 45.25310529388148
3 45.25310529388148
3 45.439652955139024
1 45.439652955139024
2 45.6627219230672
1 45.6627219230672
0 45.6627219230672
2 45.96653640270233
0 46.056570748212486
0 46.25310529388148
1 46.25310529388148
3 46.439652955139024
1 46.439652955139024
0 46.6627219230672
3 46.6627219230672
2 46.6627219230672
2 46.96653640270233
0 47.056570748212486
2 47.25310529388148
0 47.25310529388148
1 47.439652955139024
3 47.439652955139024
2 47.6627219230672
1 47.6627219230672
0 47.6627219230672
3 47.96653640270233
3 48.102154182294164
3 48.302028720787554
2 48.302028720787554
3 48.302028720787554
1 48.67850401778789
3 48.67850401778789
1 48.67850401778789
2 48.9382238984108
0 49.056570748212486
0 49.25310529388148
2 49.25310529388148
0 49.439652955139024
3 49.439652955139024
2 49.6627219230672
1 49.6627219230672
2 49.6627219230672
0 49.96653640270233
1 50.016378735536605
0 50.228440555876325
3 50.228440555876325
2 50.430941997335125
0 50.430941997335125
2 50.685096847530836
3 50.685096847530836
1 50.685096847530836
0 50.990827860310674
2 51.056570748212486
0 51.25310529388148
3 51.25310529388148
2 51.439652955139024
0 51.439652955139024
3 51.6627219230672
2 51.6627219230672
0 51.6627219230672
3 51.96653640270233
1 52.056570748212486
0 52.25310529388148
3 52.25310529388148
0 52.439652955139024
2 52.439652955139024
3 52.6627219230672
2 52.6627219230672
0 52.6627219230672
0 52.96653640270233
2 53.056570748212486
1 53.25310529388148
0 53.25310529388148
2 53.439652955139024
1 53.439652955139024
0 53.6627219230672
2 53.6627219230672
0 53.6627219230672
2 53.96653640270233
2 54.056570748212486
0 54.25310529388148
3 54.25310529388148
0 54.439652955139024
2 54.439652955139024
0 54.6627219230672
3 54.6627219230672
2 54.6627219230672
2 54.96653640270233
1 55.056570748212486
2 55.25310529388148
0 55.25310529388148
1 55.439652955139024
3 55.439652955139024
3 55.6627219230672
2 55.6627219230672
0 55.6627219230672
3 55.96653640270233
3 56.056570748212486
2 56.25310529388148
0 56.25310529388148
2 56.439652955139024
0 56.439652955139024
0 56.6627219230672
3 56.6627219230672
2 56.6627219230672
3 56.96653640270233
2 57.10278071961457
0 57.28572013570841
2 57.28572013570841
3 57.28572013570841
1 57.673790087021224
3 57.673790087021224
2 57.673790087021224
0 57.942225232720375
2 58.056570748212486
3 58.25310529388148
1 58.25310529388148
1 58.439652955139024
0 58.439652955139024
1 58.6627219230672
0 58.6627219230672
1 58.6627219230672
2 58.96653640270233
3 59.056570748212486
1 59.25310529388148
3 59.25310529388148
1 59.439652955139024
2 59.439652955139024
1 59.6627219230672
0 59.6627219230672
2 59.6627219230672
3 59.96653640270233
0 60.09225385701107
0 60.294262842261745
1 60.294262842261745
3 60.294262842261745
1 60.67487882193709
0 60.67487882193709
2 60.67487882193709
2 60.94639131426811
0 61.056570748212486
3 61.25310529388148
2 61.25310529388148
1 61.439652955139024
0 61.439652955139024
0 61.6627219230672
3 61.6627219230672
1 61.6627219230672
3 61.96653640270233
1 62.0566131308409
2 62.25316642479698
1 62.25316642479698
3 62.43976300603331
2 62.43976300603331
0 62.66256035887194
2 62.66256035887194
0 62.66256035887194
2 62.96650677919388
2 63.056570748212486
1 63.25310529388148
2 63.25310529388148
3 63.439652955139024
2 63.439652955139024
0 63.6627219230672
3 63.6627219230672
1 63.6627219230672
1 63.96653640270233
3 64.0565707482125
1 64.25310529388149
2 64.25310529388149
0 64.43965295513902
3 64.43965295513902
2 64.6627219230672
1 64.6627219230672
2 64.6627219230672
3 64.96653640270233
2 65.0565707482125
3 65.25310529388149
1 65.25310529388149
3 65.43965295513902
0 65.43965295513902
1 65.6627219230672
0 65.6627219230672
3 65.6627219230672
3 65.96653640270233
0 66.0565707482125
2 66.25310529388149
1 66.25310529388149
0 66.43965295513902
1 66.43965295513902
3 66.6627219230672
1 66.6627219230672
3 66.6627219230672
0 66.96653640270233
1 67.0565707482125
2 67.25310529388149
1 67.25310529388149
1 67.43965295513902
2 67.43965295513902
3 67.6627219230672
1 67.6627219230672
3 67.6627219230672
0 67.96653640270233
3 68.0565707482125
2 68.25310529388149
3 68.25310529388149
1 68.43965295513902
3 68.43965295513902
1 68.6627219230672
2 68.6627219230672
3 68.6627219230672
2 68.96653640270233
1 69.0565707482125
1 69.25310529388149
2 69.25310529388149
3 69.43965295513902
1 69.43965295513902
2 69.6627219230672
0 69.6627219230672
3 69.6627219230672
3 69.96653640270233
0 70.0565707482125
3 70.25310529388149
1 70.25310529388149
3 70.43965295513902
0 70.43965295513902
1 70.6627219230672
3 70.6627219230672
0 70.6627219230672
2 70.96653640270233
2 71.0565707482125
1 71.25310529388149
2 71.25310529388149
1 71.43965295513902
2 71.43965295513902
3 71.6627219230672
2 71.6627219230672
1 71.6627219230672
0 71.96653640270233
1 72.0565707482125
2 72.25310529388149
1 72.25310529388149
3 72.43965295513902
1 72.43965295513902
1 72.6627219230672
0 72.6627219230672
3 72.6627219230672
2 72.96653640270233
1 73.0565707482125
0 73.25310529388149
3 73.25310529388149
1 73.43965295513902
0 73.43965295513902
1 73.6627219230672
2 73.6627219230672
3 73.6627219230672
3 73.96653640270233
1 74.04981284520397
2 74.2484984042346
1 74.2484984042346
1 74.4390653764833
2 74.4390653764833
1 74.66681776039128
0 74.66681776039128
3 74.66681776039128
3 74.97067982144654
1 75.0565707482125
3 75.25310529388149
2 75.25310529388149
0 75.43965295513902
3 75.43965295513902
3 75.6627219230672
1 75.6627219230672
2 75.6627219230672
2 75.96653640270233
1 76.0565707482125
3 76.25310529388149
1 76.25310529388149
0 76.43965295513902
3 76.43965295513902
1 76.6627219230672
2 76.6627219230672
3 76.6627219230672
3 76.96653640270233
2 77.0565707482125
1 77.25310529388149
2 77.25310529388149
0 77.43965295513902
2 77.43965295513902
2 77.6627219230672
1 77.6627219230672
3 77.6627219230672
3 77.96653640270233
1 78.0565707482125
2 78.25310529388149
0 78.25310529388149
0 78.43965295513902
1 78.43965295513902
0 78.6627219230672
2 78.6627219230672
0 78.6627219230672
2 78.96653640270233
0 79.0565707482125
3 79.25310529388149
0 79.25310529388149
3 79.43965295513902
1 79.43965295513902
0 79.6627219230672
2 79.6627219230672
1 79.6627219230672
1 79.96653640270233
1 80.0565707482125
3 80.25310529388149
2 80.25310529388149
1 80.43965295513902
3 80.43965295513902
1 80.6627219230672
3 80.6627219230672
2 80.6627219230672
2 80.96653640270233
0 81.0565707482125
1 81.25310529388149
0 81.25310529388149
2 81.43965295513902
1 81.43965295513902
2 81.6627219230672
1 81.6627219230672
3 81.6627219230672
0 81.96653640270233
3 82.0565707482125
3 82.25310529388149
2 82.25310529388149
3 82.43965295513902
1 82.43965295513902
3 82.6627219230672
1 82.6627219230672
3 82.6627219230672
0 82.96653640270233
3 83.0565707482125
2 83.25310529388149
0 83.25310529388149
3 83.43965295513902
0 83.43965295513902
3 83.6627219230672
0 83.6627219230672
2 83.6627219230672
0 83.96653640270233
3 84.0565707482125
3 84.25310529388149
1 84.25310529388149
1 84.43965295513902
3 84.43965295513902
2 84.6627219230672
0 84.6627219230672
3 84.6627219230672
2 84.96653640270233
1 85.0565707482125
0 85.25310529388149
2 85.25310529388149
1 85.43965295513902
2 85.43965295513902
0 85.6627219230672
3 85.6627219230672
2 85.6627219230672
3 85.96653640270233
0 86.0565707482125
0 86.25310529388149
3 86.25310529388149
3 86.43965295513902
0 86.43965295513902
2 86.6627219230672
3 86.6627219230672
0 86.6627219230672
1 86.96653640270233
0 87.0565707482125
3 87.25310529388149
1 87.25310529388149
2 87.43965295513902
0 87.43965295513902
0 87.6627219230672
3 87.6627219230672
0 87.6627219230672
1 87.96653640270233
3 88.0565707482125
2 88.25310529388149
1 88.25310529388149
1 88.43965295513902
0 88.43965295513902
3 88.6627219230672
2 88.6627219230672
3 88.6627219230672
2 88.96653640270233
1 89.0565707482125
1 89.25310529388149
0 89.25310529388149
0 89.43965295513902
1 89.43965295513902
3 89.6627219230672
1 89.6627219230672
0 89.6627219230672
0 89.96653640270233
3 90.0565707482125
0 90.25310529388149
1 90.25310529388149
3 90.43965295513902
0 90.43965295513902
2 90.6627219230672
1 90.6627219230672
2 90.6627219230672
3 90.96653640270233
3 91.0565707482125
2 91.25310529388149
0 91.25310529388149
2 91.43965295513902
3 91.43965295513902
3 91.6627219230672
0 91.6627219230672
1 91.6627219230672
0 91.96653640270233
0 92.0565707482125
0 92.25310529388149
2 92.25310529388149
3 92.43965295513902
1 92.43965295513902
3 92.6627219230672
0 92.6627219230672
3 92.6627219230672
1 92.96653640270233
0 93.0565707482125
2 93.25310529388149
3 93.25310529388149
1 93.43965295513902
2 93.43965295513902
1 93.6627219230672
2 93.6627219230672
0 93.6627219230672
0 93.96653640270233
3 94.0565707482125
2 94.25310529388149
3 94.25310529388149
3 94.43965295513902
2 94.43965295513902
0 94.6627219230672
1 94.6627219230672
3 94.6627219230672
2 94.96653640270233
1 95.15656088806989
3 95.25975655580763
0 95.25975655580763
1 95.25975655580763
2 95.63431152577792
3 95.63431152577792
1 95.63431152577792
2 95.90697476267815
1 96.05330740506291
0 96.25061413554084
2 96.25061413554084
2 96.68803602231701
0 96.68803602231701
3 96.68803602231701
0 96.97305156104267
0 97.0565695251334
1 97.25306591549297
2 97.25306591549297
0 97.43960250561358
2 97.43960250561358
0 97.66278730740434
3 97.66278730740434
1 97.66278730740434
1 97.96653753519058
1 98.03231839408934
3 98.23801342938289
0 98.23801342938289
1 98.43411768864891
2 98.43411768864891
3 98.67663454897553
1 98.67663454897553
3 98.67663454897553
3 98.98146617598832
2 99.0565707482125
2 99.25310529388149
0 99.25310529388149
1 99.43965295513902
3 99.43965295513902
2 99.6627219230672
0 99.6627219230672
2 99.6627219230672
1 99.96653640270233
2 100.0565707482125
1 100.25310529388149
0 100.25310529388149
0 100.43965295513902
2 100.43965295513902
0 100.6627219230672
1 100.6627219230672
2 100.6627219230672
3 100.96653640270233
0 101.0565707482125
0 101.25310529388149
1 101.25310529388149
3 101.43965295513902
0 101.43965295513902
3 101.6627219230672
1 101.6627219230672
2 101.6627219230672
3 101.96653640270233
1 102.0565707482125
1 102.25310529388149
2 102.25310529388149
2 102.43965295513902
0 102.43965295513902
0 102.6627219230672
2 102.6627219230672
1 102.6627219230672
0 102.96653640270233
2 103.0565707482125
2 103.25310529388149
0 103.25310529388149
3 103.43965295513902
0 103.43965295513902
1 103.6627219230672
3 103.6627219230672
0 103.6627219230672
1 103.96653640270233
2 104.0565707482125
3 104.25310529388149
0 104.25310529388149
2 104.43965295513902
0 104.43965295513902
3 104.6627219230672
0 104.6627219230672
3 104.6627219230672
1 104.96653640270233
1 105.0565707482125
3 105.25310529388149
2 105.25310529388149
3 105.43965295513902
2 105.43965295513902
2 105.6627219230672
1 105.6627219230672
2 105.6627219230672
0 105.96653640270233
0 106.0565707482125
3 106.25310529388149
1 106.25310529388149
2 106.43965295513902
3 106.43965295513902
0 106.6627219230672
1 106.6627219230672
2 106.6627219230672
1 106.96653640270233
3 107.0565707482125
1 107.25310529388149
3 107.25310529388149
2 107.43965295513902
0 107.43965295513902
3 107.6627219230672
2 107.6627219230672
0 107.6627219230672
1 107.96653640270233
2 108.0565707482125
1 108.25310529388149
3 108.25310529388149
2 108.43965295513902
1 108.43965295513902
2 108.6627219230672
3 108.6627219230672
0 108.6627219230672
0 108.96653640270233
3 109.0565707482125
2 109.25310529388149
3 109.25310529388149
3 109.43965295513902
1 109.43965295513902
2 109.6627219230672
1 109.6627219230672
3 109.6627219230672
1 109.96653640270233
2 110.0565707482125
0 110.25310529388149
3 110.25310529388149
2 110.43965295513902
1 110.43965295513902
0 110.6627219230672
3 110.6627219230672
2 110.6627219230672
3 110.96653640270233
3 111.0565707482125
1 111.25310529388149
0 111.25310529388149
3 111.43965295513902
2 111.43965295513902
3 111.6627219230672
0 111.6627219230672
2 111.6627219230672
1 111.96653640270233
0 112.0565707482125
0 112.25310529388149
3 112.25310529388149
1 112.43965295513902
0 112.43965295513902
2 112.6627219230672
3 112.6627219230672
2 112.6627219230672
1 112.96653640270233
0 113.0565707482125
2 113.25310529388149
1 113.25310529388149
3 113.43965295513902
1 113.43965295513902
1 113.6627219230672
0 113.6627219230672
3 113.6627219230672
3 113.96653640270233
3 114.0565707482125
3 114.25310529388149
2 114.25310529388149
3 114.43965295513902
0 114.43965295513902
1 114.6627219230672
2 114.6627219230672
0 114.6627219230672
3 114.96653640270233
3 115.0565707482125
3 115.25310529388149
1 115.25310529388149
1 115.43965295513902
2 115.43965295513902
0 115.6627219230672
3 115.6627219230672
0 115.6627219230672
0 115.96653640270233
2 116.0565707482125
3 116.25310529388149
1 116.25310529388149
3 116.43965295513902
2 116.43965295513902
0 116.6627219230672
3 116.6627219230672
1 116.6627219230672
3 116.96653640270233
3 117.0565707482125
1 117.25310529388149
2 117.25310529388149
0 117.43965295513902
2 117.43965295513902
3 117.6627219230672
2 117.6627219230672
0 117.6627219230672
1 117.96653640270233
0 118.0565707482125
3 118.25310529388149
2 118.25310529388149
2 118.43965295513902
3 118.43965295513902
1 118.6627219230672
0 118.6627219230672
3 118.6627219230672
3 118.96653640270233
0 119.0565707482125
3 119.25310529388149
1 119.25310529388149
3 119.43965295513902
0 119.43965295513902
1 119.6627219230672
0 119.6627219230672
3 119.6627219230672
3 119.96653640270233
3 120.0565707482125
1 120.25310529388149
3 120.25310529388149
2 120.43965295513902
0 120.43965295513902
1 120.6627219230672
0 120.6627219230672
3 120.6627219230672
0 120.96653640270233
3 121.0565707482125
0 121.25310529388149
3 121.25310529388149
1 121.43965295513902
3 121.43965295513902
2 121.6627219230672
0 121.6627219230672
2 121.6627219230672
1 121.96653640270233
2 122.0565707482125
1 122.25310529388149
2 122.25310529388149
1 122.43965295513902
3 122.43965295513902
2 122.6627219230672
3 122.6627219230672
1 122.6627219230672
2 122.96653640270233
1 123.0565707482125
3 123.25310529388149
1 123.25310529388149
0 123.43965295513902
1 123.43965295513902
0 123.6627219230672
1 123.6627219230672
0 123.6627219230672
2 123.96653640270233
0 124.0565707482125
3 124.25310529388149
2 124.25310529388149
2 124.43965295513902
1 124.43965295513902
3 124.6627219230672
2 124.6627219230672
3 124.6627219230672
0 124.96653640270233
0 125.0565707482125
1 125.25310529388149
0 125.25310529388149
3 125.43965295513902
0 125.43965295513902
1 125.6627219230672
0 125.6627219230672
3 125.6627219230672
1 125.96653640270233
2 126.0565707482125
2 126.25310529388149
0 126.25310529388149
0 126.43965295513902
1 126.43965295513902
0 126.6627219230672
2 126.6627219230672
1 126.6627219230672
3 126.96653640270233
2 127.0565707482125
1 127.25310529388149
2 127.25310529388149
1 127.43965295513902
0 127.43965295513902
3 127.6627219230672
0 127.6627219230672
3 127.6627219230672
2 127.96653640270233
1 128.0565707482125
1 128.25310529388148
3 128.25310529388148
3 128.43965295513902
0 128.43965295513902
0 128.6627219230672
2 128.6627219230672
1 128.6627219230672
1 128.96653640270233
3 129.0565707482125
3 129.25310529388148
1 129.25310529388148
3 129.43965295513902
2 129.43965295513902
2 129.6627219230672
1 129.6627219230672
3 129.6627219230672
0 129.96653640270233
1 130.0565707482125
0 130.25310529388148
2 130.25310529388148
2 130.43965295513902
0 130.43965295513902
3 130.6627219230672
2 130.6627219230672
3 130.6627219230672
1 130.96653640270233
2 131.0565707482125
2 131.25310529388148
0 131.25310529388148
0 131.43965295513902
1 131.43965295513902
1 131.6627219230672
2 131.6627219230672
1 131.6627219230672
0 131.96653640270233
3 132.0565707482125
1 132.25310529388148
2 132.25310529388148
1 132.43965295513902
0 132.43965295513902
3 132.6627219230672
2 132.6627219230672
3 132.6627219230672
2 132.96653640270233
1 133.0565707482125
0 133.25310529388148
2 133.25310529388148
1 133.43965295513902
3 133.43965295513902
3 133.6627219230672
0 133.6627219230672
3 133.6627219230672
3 133.96653640270233
1 134.0565707482125
3 134.25310529388148
1 134.25310529388148
1 134.43965295513902
3 134.43965295513902
0 134.6627219230672
3 134.6627219230672
0 134.6627219230672
2 134.96653640270233
1 135.0565707482125
3 135.25310529388148
0 135.25310529388148
3 135.43965295513902
0 135.43965295513902
0 135.6627219230672
3 135.6627219230672
2 135.6627219230672
0 135.96653640270233
1 136.0565707482125
1 136.25310529388148
2 136.25310529388148
2 136.43965295513902
0 136.43965295513902
1 136.6627219230672
0 136.6627219230672
2 136.6627219230672
0 136.96653640270233
1 137.0565707482125
3 137.25310529388148
0 137.25310529388148
2 137.43965295513902
3 137.43965295513902
3 137.6627219230672
1 137.6627219230672
0 137.6627219230672
2 137.96653640270233
0 138.0565707482125
0 138.25310529388148
1 138.25310529388148
0 138.43965295513902
2 138.43965295513902
2 138.6627219230672
0 138.6627219230672
2 138.6627219230672
1 138.96653640270233
1 139.0565707482125
1 139.25310529388148
0 139.25310529388148
3 139.43965295513902
0 139.43965295513902
0 139.6627219230672
1 139.6627219230672
2 139.6627219230672
3 139.96653640270233
0 140.0565707482125
3 140.25310529388148
2 140.25310529388148
1 140.43965295513902
0 140.43965295513902
2 140.6627219230672
3 140.6627219230672
2 140.6627219230672
3 140.96653640270233
3 141.0565707482125
0 141.25310529388148
3 141.25310529388148
3 141.43965295513902
0 141.43965295513902
0 141.6627219230672
3 141.6627219230672
1 141.6627219230672
1 141.96653640270233
1 142.0565707482125
1 142.25310529388148
3 142.25310529388148
0 142.43965295513902
1 142.43965295513902
3 142.6627219230672
1 142.6627219230672
3 142.6627219230672
3 142.96653640270233
0 143.0565707482125
0 143.25310529388148
2 143.25310529388148
1 143.43965295513902
3 143.43965295513902
1 143.6627219230672
3 143.6627219230672
0 143.6627219230672
1 143.96653640270233
3 144.0565707482125
0 144.25310529388148
2 144.25310529388148
1 144.43965295513902
2 144.43965295513902
1 144.6627219230672
2 144.6627219230672
1 144.6627219230672
0 144.96653640270233
0 145.0565707482125
1 145.25310529388148
3 145.25310529388148
3 145.43965295513902
2 145.43965295513902
1 145.6627219230672
2 145.6627219230672
0 145.6627219230672
2 145.96653640270233
0 146.0565707482125
1 146.25310529388148
3 146.25310529388148
2 146.43965295513902
3 146.43965295513902
3 146.6627219230672
2 146.6627219230672
0 146.6627219230672
3 146.96653640270233
2 147.0565707482125
1 147.25310539464408
0 147.25310539464408
0 147.43965315666424
2 147.43965315666424
2 147.66272202382982
0 147.66272202382982
2 147.66272202382982
2 147.96653640270233
0 148.14110642820594
2 148.26345138354588
1 148.26345138354588
2 148.26345138354588
3 148.6411789747998
0 148.6411789747998
3 148.6411789747998
2 148.91719304025173
