마에야히
artist
130 60 3
2 0.09917903691530228
2 0.19747315347194672
2 0.34480762481689453
1 0.483555406332016
2 0.6023478507995605
1 0.7095498442649841
1 1.0911571308970451
0 1.1929047256708145
2 1.3332949578762054
2 1.480352133512497
3 1.6038621664047241
1 1.7020379900932312
2 2.0954646542668343
3 2.1955816000699997
2 2.3386087119579315
0 2.482029974460602
0 2.6027333736419678
3 2.706516921520233
1 3.1000544503331184
1 3.1982303112745285
3 3.3427990674972534
2 3.4810184240341187
1 3.601479411125183
0 3.7094908356666565
3 4.107652835547924
2 4.198721960186958
1 4.357332319021225
1 4.4866640865802765
1 4.603601455688477
2 4.711262047290802
2 5.096935994923115
0 5.1939477622509
0 5.341843217611313
0 5.483764559030533
2 5.600471138954163
0 5.70026570558548
2 6.108129285275936
0 6.198006957769394
0 6.353508532047272
2 6.491073846817017
3 6.60479336977005
3 6.712194204330444
3 7.110334329307079
3 7.197876274585724
2 7.361945956945419
1 7.494644820690155
0 7.6019065380096436
2 7.711099088191986
3 8.094560019671917
0 8.19523972272873
1 8.342742621898651
0 8.480575382709503
1 8.59172260761261
2 8.703928887844086
0 9.105651922523975
0 9.19547089934349
1 9.352740913629532
1 9.49069494009018
0 9.600870251655579
2 9.707412838935852
0 10.085355632007122
0 10.19521863758564
0 10.322248727083206
0 10.471842497587204
3 10.587627649307251
2 10.689827978610992
3 11.093043528497219
1 11.192026942968369
1 11.336669743061066
0 11.477326065301895
0 11.591578960418701
2 11.696802616119385
0 12.042548082768917
3 12.182884842157364
3 12.262691885232925
3 12.434532254934311
2 12.536733627319336
1 12.604624927043915
3 13.087698586285114
0 13.19249577820301
1 13.318560540676117
1 13.479087263345718
2 13.598628520965576
3 13.700101673603058
2 14.082671515643597
2 14.190980553627014
3 14.319879651069641
0 14.474377453327179
3 14.59149980545044
2 14.694856524467468
3 15.093149684369564
3 15.195160612463951
1 15.326582193374634
3 15.48276174068451
0 15.58708667755127
2 15.685943305492401
2 16.057848267257214
3 16.18783387541771
1 16.28512343764305
3 16.463568776845932
3 16.580769896507263
2 16.66860455274582
2 17.071080438792706
3 17.19429510831833
0 17.281185060739517
3 17.473421692848206
3 17.595567107200623
0 17.7146138548851
0 18.05051951855421
3 18.190854012966156
2 18.27548760175705
0 18.4501975774765
1 18.568459808826447
3 18.655144691467285
0 19.058147065341473
2 19.18848392367363
1 19.28173041343689
1 19.4647775888443
2 19.583776533603668
1 19.68259197473526
1 20.053580574691296
2 20.19174337387085
1 20.280298680067062
3 20.45541888475418
3 20.568967878818512
2 20.65366303920746
1 21.08791048079729
1 21.196061372756958
0 21.317459285259247
0 21.478193789720535
3 21.596776127815247
0 21.698549568653107
0 22.069211773574352
0 22.195076286792755
0 22.2849263548851
2 22.46051260828972
1 22.57523024082184
2 22.676014482975006
0 23.06704830378294
2 23.192442804574966
3 23.292569905519485
3 23.47167605161667
0 23.589724242687225
1 23.69065624475479
3 24.042268715798855
0 24.186739534139633
0 24.26765102148056
0 24.453127950429916
3 24.56205415725708
3 24.64828372001648
1 25.075457625091076
2 25.196340650320053
3 25.297206461429596
2 25.47381067276001
1 25.593268632888794
3 25.695877611637115
1 26.07192575186491
3 26.18916153907776
0 26.302152663469315
0 26.467393279075623
2 26.587504148483276
0 26.68048995733261
3 27.08048751205206
3 27.19600708782673
3 27.305965453386307
2 27.478033155202866
0 27.60096275806427
3 27.715158879756927
0 28.046615414321423
3 28.205240100622177
2 28.259733617305756
3 28.43005484342575
3 28.545883297920227
2 28.6290323138237
3 29.052409641444683
2 29.191194623708725
2 29.247251719236374
0 29.464452147483826
0 29.590068340301514
3 29.722362339496613
2 30.080759085714817
1 30.195022761821747
3 30.313514322042465
0 30.47261756658554
3 30.5976585149765
1 30.702283680438995
